Q3	Q4a	Q4b	Q4c	Q4d	Q4e	Q5a	Q5b	Q5c	Q6	Q7a	Q7b	Q7c	Q7d	Q7e	Q7f	Q7g	Q7h	Q7i	Q7j	Q7k	Q7l	Q8a	Q8b	Q8c	Q10	Q15	Q15b	Q16	Q1	CODERESP
8	8	98	8	98	98	5	5	5	5	8	5	8	8	8	5	8	5	8	8	9	5	8	8	98	8	8	5	8	1	170
10	10	5	10	8	7	10	10	10	10	9	10	10	9	10	10	10	98	10	10	10	10	5	5	5	10	10	5	10	1	286
6	7	7	7	4	98	10	10	9	5	6	5	4	6	5	5	6	5	7	6	8	4	5	5	5	6	5	5	5	1	131
10	10	10	10	10	10	10	10	10	10	10	10	10	10	10	10	10	10	10	10	10	10	10	10	10	10	10	10	10	1	39
10	10	10	10	10	10	10	10	10	10	10	10	10	10	10	10	10	10	10	10	10	10	10	10	10	10	10	10	10	1	68
10	10	10	10	10	10	8	10	10	10	10	10	10	10	10	10	10	10	10	10	10	10	10	10	10	10	10	10	9	1	435
9	9	9	9	98	98	7	7	9	9	9	9	9	9	9	8	8	9	9	9	8	8	7	7	5	8	7	10	10	1	358
9	8	7	7	7	7	9	8	8	9	8	9	7	7	7	8	8	98	8	8	8	7	7	6	98	9	8	8	8	1	426
8	10	8	10	9	7	8	8	8	9	8	98	7	98	8	8	10	98	8	8	10	8	9	8	8	9	9	10	9	1	411
9	10	5	7	6	5	10	10	10	9	8	9	9	8	7	8	8	9	9	8	8	8	3	3	5	5	8	8	8	1	31
8	5	5	8	8	98	9	9	10	9	8	8	9	98	9	8	9	98	8	10	9	10	8	8	98	9	10	9	8	1	311
8	10	98	6	8	98	8	9	9	9	8	98	8	7	8	8	9	8	6	8	8	3	6	5	98	10	10	10	8	1	100
9	9	10	9	8	98	10	10	10	8	8	8	8	8	8	9	8	8	9	9	10	8	7	7	7	8	8	8	8	1	440
8	5	5	5	5	5	10	10	8	10	8	10	10	98	6	7	10	8	8	7	10	5	5	5	5	5	8	5	6	1	432
8	8	98	7	9	98	10	10	10	8	9	9	10	10	6	7	9	98	7	98	10	98	5	5	98	5	8	8	8	1	428
8	8	98	8	98	98	10	10	10	8	8	8	9	98	8	8	8	98	8	7	10	7	6	6	98	5	9	7	8	1	175
8	8	8	8	7	7	8	9	9	8	8	8	9	8	7	7	8	8	9	9	9	8	7	7	7	8	8	8	7	1	289
8	9	5	7	7	7	8	8	8	7	8	6	7	7	5	8	7	5	9	7	10	7	5	7	7	5	6	7	7	1	334
7	8	7	8	6	7	8	8	8	8	7	7	6	7	8	8	7	6	8	7	8	6	5	5	6	1	5	8	5	1	94
8	7	98	7	4	98	8	5	8	7	8	98	7	5	9	8	8	98	8	5	10	5	8	8	8	8	6	6	5	1	247
7	6	98	6	6	98	98	10	10	7	7	98	8	6	7	4	98	98	6	6	5	4	4	5	5	4	5	5	5	1	394
7	5	98	5	98	98	7	8	8	7	6	5	7	7	5	6	7	98	8	7	8	98	5	5	98	8	7	5	5	1	258
7	7	8	5	6	98	10	10	10	6	7	6	7	7	4	4	7	8	4	5	10	6	5	7	7	5	6	6	6	1	209
6	8	5	8	5	5	7	6	6	6	7	7	7	6	5	6	7	5	7	6	8	5	6	6	98	1	7	7	6	1	115
6	5	5	5	3	5	8	8	7	4	5	5	5	5	3	4	5	98	7	5	7	5	4	4	4	5	5	5	5	1	232
3	4	5	4	4	98	8	8	8	3	4	8	5	5	3	7	6	98	4	3	5	98	3	98	6	1	4	1	3	1	111
10	10	10	10	10	8	10	10	10	10	10	10	10	10	10	10	10	10	10	10	10	10	10	10	10	10	10	10	10	1	360
10	10	10	10	10	10	10	10	10	10	10	10	10	98	10	10	10	10	10	10	10	10	10	10	10	10	10	10	10	1	381
10	10	10	10	10	98	10	10	10	10	10	8	8	10	10	10	10	8	10	8	10	8	10	10	8	10	10	10	10	1	46
10	10	10	10	10	98	10	10	10	10	10	10	10	10	10	10	10	10	10	10	10	10	8	8	10	10	10	10	10	1	408
10	10	10	10	10	98	10	10	10	10	10	10	10	10	10	10	10	98	10	10	10	10	10	10	10	10	10	10	9	1	109
10	10	10	10	10	10	8	10	10	10	9	9	9	10	9	10	10	5	10	10	10	9	9	9	10	10	10	10	9	1	320
10	10	9	10	9	10	9	9	10	10	10	9	10	10	10	10	10	9	9	10	10	10	9	9	9	10	9	9	9	1	436
10	10	10	10	7	98	10	10	9	10	10	9	9	7	9	10	10	98	10	9	10	8	8	9	9	10	8	10	9	1	398
10	10	9	10	9	98	8	10	9	10	9	9	10	9	10	10	10	7	10	10	10	7	10	9	9	10	10	10	9	1	69
8	8	98	8	98	98	5	5	5	5	8	5	8	8	8	5	8	5	8	8	9	5	8	8	98	8	8	5	8	1	170
10	10	5	10	8	7	10	10	10	10	9	10	10	9	10	10	10	98	10	10	10	10	5	5	5	10	10	5	10	1	286
6	7	7	7	4	98	10	10	9	5	6	5	4	6	5	5	6	5	7	6	8	4	5	5	5	6	5	5	5	1	131
10	10	10	10	10	10	10	10	10	10	10	10	10	10	10	10	10	10	10	10	10	10	10	10	10	10	10	10	10	1	39
10	10	10	10	10	10	10	10	10	10	10	10	10	10	10	10	10	10	10	10	10	10	10	10	10	10	10	10	10	1	68
10	10	10	10	10	10	8	10	10	10	10	10	10	10	10	10	10	10	10	10	10	10	10	10	10	10	10	10	9	1	435
9	9	9	9	98	98	7	7	9	9	9	9	9	9	9	8	8	9	9	9	8	8	7	7	5	8	7	10	10	1	358
9	8	7	7	7	7	9	8	8	9	8	9	7	7	7	8	8	98	8	8	8	7	7	6	98	9	8	8	8	1	426
8	10	8	10	9	7	8	8	8	9	8	98	7	98	8	8	10	98	8	8	10	8	9	8	8	9	9	10	9	1	411
9	10	5	7	6	5	10	10	10	9	8	9	9	8	7	8	8	9	9	8	8	8	3	3	5	5	8	8	8	1	31
8	5	5	8	8	98	9	9	10	9	8	8	9	98	9	8	9	98	8	10	9	10	8	8	98	9	10	9	8	1	311
8	10	98	6	8	98	8	9	9	9	8	98	8	7	8	8	9	8	6	8	8	3	6	5	98	10	10	10	8	1	100
9	9	10	9	8	98	10	10	10	8	8	8	8	8	8	9	8	8	9	9	10	8	7	7	7	8	8	8	8	1	440
8	5	5	5	5	5	10	10	8	10	8	10	10	98	6	7	10	8	8	7	10	5	5	5	5	5	8	5	6	1	432
8	8	98	7	9	98	10	10	10	8	9	9	10	10	6	7	9	98	7	98	10	98	5	5	98	5	8	8	8	1	428
8	8	98	8	98	98	10	10	10	8	8	8	9	98	8	8	8	98	8	7	10	7	6	6	98	5	9	7	8	1	175
8	8	8	8	7	7	8	9	9	8	8	8	9	8	7	7	8	8	9	9	9	8	7	7	7	8	8	8	7	1	289
8	9	5	7	7	7	8	8	8	7	8	6	7	7	5	8	7	5	9	7	10	7	5	7	7	5	6	7	7	1	334
7	8	7	8	6	7	8	8	8	8	7	7	6	7	8	8	7	6	8	7	8	6	5	5	6	1	5	8	5	1	94
8	7	98	7	4	98	8	5	8	7	8	98	7	5	9	8	8	98	8	5	10	5	8	8	8	8	6	6	5	1	247
7	6	98	6	6	98	98	10	10	7	7	98	8	6	7	4	98	98	6	6	5	4	4	5	5	4	5	5	5	1	394
7	5	98	5	98	98	7	8	8	7	6	5	7	7	5	6	7	98	8	7	8	98	5	5	98	8	7	5	5	1	258
7	7	8	5	6	98	10	10	10	6	7	6	7	7	4	4	7	8	4	5	10	6	5	7	7	5	6	6	6	1	209
6	8	5	8	5	5	7	6	6	6	7	7	7	6	5	6	7	5	7	6	8	5	6	6	98	1	7	7	6	1	115
6	5	5	5	3	5	8	8	7	4	5	5	5	5	3	4	5	98	7	5	7	5	4	4	4	5	5	5	5	1	232
3	4	5	4	4	98	8	8	8	3	4	8	5	5	3	7	6	98	4	3	5	98	3	98	6	1	4	1	3	1	111
10	10	10	10	10	8	10	10	10	10	10	10	10	10	10	10	10	10	10	10	10	10	10	10	10	10	10	10	10	1	360
10	10	10	10	10	10	10	10	10	10	10	10	10	98	10	10	10	10	10	10	10	10	10	10	10	10	10	10	10	1	381
10	10	10	10	10	98	10	10	10	10	10	8	8	10	10	10	10	8	10	8	10	8	10	10	8	10	10	10	10	1	46
10	10	10	10	10	98	10	10	10	10	10	10	10	10	10	10	10	10	10	10	10	10	8	8	10	10	10	10	10	1	408
10	10	10	10	10	98	10	10	10	10	10	10	10	10	10	10	10	98	10	10	10	10	10	10	10	10	10	10	9	1	109
10	10	10	10	10	10	8	10	10	10	9	9	9	10	9	10	10	5	10	10	10	9	9	9	10	10	10	10	9	1	320
10	10	9	10	9	10	9	9	10	10	10	9	10	10	10	10	10	9	9	10	10	10	9	9	9	10	9	9	9	1	436
10	10	10	10	7	98	10	10	9	10	10	9	9	7	9	10	10	98	10	9	10	8	8	9	9	10	8	10	9	1	398
10	10	9	10	9	98	8	10	9	10	9	9	10	9	10	10	10	7	10	10	10	7	10	9	9	10	10	10	9	1	69
6	7	6	7	6	5	7	8	8	6	6	7	6	6	5	7	7	98	8	8	7	7	5	5	4	5	5	5	5	2	90
6	7	4	5	5	5	7	8	8	5	7	5	5	7	5	7	6	4	7	8	8	5	3	4	6	4	5	4	4	2	395
8	10	98	8	8	8	8	10	10	4	5	5	5	5	8	5	5	98	1	1	8	5	5	5	5	8	5	1	3	2	333
3	5	3	3	3	98	98	8	10	4	4	4	2	98	8	3	5	98	7	3	6	4	4	4	3	1	5	5	4	2	387
10	10	10	10	9	98	10	10	10	10	10	10	10	5	10	10	10	5	10	10	10	10	5	5	5	10	10	10	10	2	182
10	10	98	10	10	98	10	10	10	10	10	10	98	98	10	10	10	10	10	10	10	8	8	10	98	10	10	10	10	2	21
10	10	10	10	7	8	10	10	10	9	10	10	10	10	9	9	10	10	10	8	10	10	7	7	9	10	10	10	10	2	380
10	10	10	10	10	10	10	10	10	10	10	10	10	10	10	10	10	10	10	10	10	10	10	10	10	10	10	10	9	2	354
10	10	8	10	9	8	10	10	10	10	10	10	98	10	10	10	10	10	10	10	10	10	9	9	8	9	10	10	9	2	75
9	10	98	8	8	98	10	9	10	10	8	8	8	8	8	8	8	8	8	8	10	8	98	98	98	5	8	8	9	2	307
9	9	9	9	9	9	9	9	9	9	9	9	9	9	9	9	9	8	9	9	9	9	9	9	98	10	10	10	10	2	55
10	10	10	10	7	98	10	10	10	10	10	8	10	10	10	10	10	10	10	10	10	98	98	8	98	10	10	10	7	2	116
9	9	9	10	7	7	10	10	10	9	10	9	8	8	8	10	7	9	9	7	10	7	8	8	8	10	9	10	9	2	218
9	9	8	10	6	98	10	10	10	10	9	9	9	8	8	9	8	9	9	6	10	6	8	8	98	10	98	7	8	2	277
9	9	9	9	9	98	8	9	9	9	9	9	9	9	9	9	9	9	9	9	9	9	9	9	98	10	9	9	9	2	446
9	9	8	8	6	5	8	8	8	9	8	9	9	8	7	8	9	10	10	8	10	7	5	5	8	10	8	8	8	2	186
8	10	10	10	8	5	9	9	9	9	10	8	8	9	10	10	9	98	10	10	10	10	8	8	9	10	10	10	9	2	54
9	9	98	6	98	98	10	10	10	9	9	9	98	9	9	8	9	9	9	6	9	98	8	8	8	8	8	8	8	2	437
9	9	8	9	9	98	10	9	9	9	9	9	9	9	10	9	9	9	9	9	10	9	7	7	8	8	9	9	8	2	89
8	8	8	9	9	8	10	10	10	8	10	10	9	8	9	7	8	9	10	9	10	9	9	9	8	7	98	9	9	2	359
8	9	9	9	7	98	8	9	9	9	8	9	8	7	9	9	9	98	8	8	10	8	8	8	8	10	9	9	8	2	151
9	2	9	9	8	7	10	10	10	9	9	9	8	10	9	9	9	9	8	8	9	9	5	5	5	9	9	9	7	2	63
8	10	9	9	98	98	10	10	10	9	9	98	9	8	9	9	9	98	9	9	10	5	8	8	8	10	9	10	8	2	282
8	9	9	9	8	8	8	8	8	9	9	8	8	98	9	8	8	98	9	7	10	7	10	9	9	1	9	9	8	2	74
9	10	9	10	98	98	9	9	9	8	8	9	9	9	9	8	9	9	8	8	10	8	98	98	98	10	9	8	8	2	263
8	8	8	8	6	5	10	10	10	9	8	9	7	8	10	10	8	9	10	7	10	8	6	8	7	10	8	8	8	2	134
9	9	9	9	5	98	5	7	7	7	7	7	8	7	8	9	9	7	8	8	9	8	9	7	5	5	8	8	8	2	310
8	7	9	7	8	98	10	9	9	8	9	8	8	8	7	7	8	9	8	7	8	7	8	8	98	5	7	7	8	2	384
8	10	8	8	7	7	8	8	8	8	8	7	7	7	8	8	8	7	8	8	8	7	8	7	8	10	8	9	8	2	53
8	8	98	8	8	98	10	10	10	8	8	8	8	7	7	8	7	8	7	98	9	7	98	98	98	5	10	10	8	2	390
8	8	5	8	5	5	8	10	10	8	10	10	8	7	8	8	8	7	8	8	8	7	5	5	5	8	8	8	8	2	417
8	10	8	10	7	98	8	10	10	7	8	8	8	7	8	10	8	9	9	8	10	7	7	7	7	9	10	10	9	2	81
10	10	5	10	10	98	10	10	10	9	10	10	10	10	10	10	10	98	10	10	10	10	98	98	10	10	10	10	5	2	167
9	8	9	10	8	98	8	8	8	7	9	8	7	7	8	9	9	9	8	10	10	8	7	98	8	7	8	8	8	2	180
9	10	10	10	7	7	9	9	9	7	8	8	9	9	8	10	8	9	9	5	10	7	7	8	9	9	9	9	8	2	107
9	10	5	10	10	98	10	10	10	8	9	5	10	8	9	8	8	8	7	8	10	8	8	8	98	5	8	8	7	2	270
8	8	9	7	9	5	10	10	10	8	9	7	7	98	7	8	10	8	8	6	9	7	5	5	8	8	9	8	7	2	179
8	8	5	8	5	5	10	10	10	8	9	98	8	98	9	8	9	98	7	7	9	7	6	6	5	7	8	8	7	2	104
9	9	9	9	9	9	9	9	9	5	9	5	9	9	9	9	9	9	9	9	10	9	9	9	9	9	9	9	9	2	337
8	8	9	9	8	8	10	10	10	8	8	8	9	9	8	8	8	9	9	8	9	8	8	8	9	9	9	9	7	2	216
7	7	7	9	7	7	6	7	9	8	8	6	7	8	8	7	5	7	8	7	9	6	7	7	7	5	8	8	8	2	77
7	8	7	8	6	98	10	9	9	8	8	8	8	7	6	8	8	7	8	6	8	7	7	7	7	7	7	7	7	2	379
8	8	8	8	5	5	8	8	8	7	8	8	8	8	8	8	8	8	8	8	8	6	5	5	6	7	8	7	7	2	415
8	8	7	8	6	98	7	8	8	6	8	7	8	7	6	6	8	8	8	7	10	7	4	4	98	7	8	8	8	2	383
8	8	8	8	7	7	8	8	8	7	7	7	7	7	8	7	7	7	7	7	8	7	8	7	7	7	7	7	7	2	450
8	9	8	8	6	98	9	9	9	6	9	7	8	8	9	9	10	10	9	8	10	7	7	7	7	8	9	8	8	2	171
8	8	10	10	98	9	10	10	10	7	8	98	8	7	98	7	8	98	10	98	10	8	7	7	98	5	9	9	6	2	97
8	8	6	8	8	6	8	8	8	8	7	5	7	98	7	8	8	98	8	8	10	8	5	5	5	8	7	7	5	2	153
7	9	7	8	5	6	8	8	9	7	8	8	9	7	7	8	8	98	9	8	9	6	4	5	5	6	6	6	7	2	127
7	9	8	9	7	6	9	9	10	7	8	7	7	7	7	8	6	7	7	8	9	7	7	8	7	8	6	6	6	2	441
8	8	10	9	6	98	9	9	9	5	8	8	9	8	7	7	8	98	8	8	9	7	8	98	9	8	9	8	7	2	42
8	8	8	8	7	98	9	10	9	5	8	8	8	8	7	8	8	98	8	8	8	7	8	8	8	7	6	7	7	2	255
8	8	98	7	98	98	8	10	10	5	8	10	8	98	10	8	8	98	6	7	10	8	5	7	6	7	98	8	7	2	2
7	8	6	5	5	98	9	9	9	7	7	5	8	8	8	9	8	98	9	6	9	7	7	5	5	5	5	5	5	2	352
8	9	98	8	98	98	10	10	10	5	10	98	10	9	5	4	10	5	3	2	8	4	3	2	5	2	5	5	5	2	401
6	6	5	6	5	6	7	7	7	6	7	6	7	6	6	6	6	6	6	6	7	6	6	6	98	7	6	6	6	2	365
3	5	7	3	4	6	6	7	7	3	5	7	6	5	2	2	3	5	5	2	5	2	4	5	6	1	3	1	4	2	128
6	7	6	7	6	5	7	8	8	6	6	7	6	6	5	7	7	98	8	8	7	7	5	5	4	5	5	5	5	2	90
6	7	4	5	5	5	7	8	8	5	7	5	5	7	5	7	6	4	7	8	8	5	3	4	6	4	5	4	4	2	395
8	10	98	8	8	8	8	10	10	4	5	5	5	5	8	5	5	98	1	1	8	5	5	5	5	8	5	1	3	2	333
3	5	3	3	3	98	98	8	10	4	4	4	2	98	8	3	5	98	7	3	6	4	4	4	3	1	5	5	4	2	387
10	10	10	10	9	98	10	10	10	10	10	10	10	5	10	10	10	5	10	10	10	10	5	5	5	10	10	10	10	2	182
10	10	98	10	10	98	10	10	10	10	10	10	98	98	10	10	10	10	10	10	10	8	8	10	98	10	10	10	10	2	21
10	10	10	10	7	8	10	10	10	9	10	10	10	10	9	9	10	10	10	8	10	10	7	7	9	10	10	10	10	2	380
10	10	10	10	10	10	10	10	10	10	10	10	10	10	10	10	10	10	10	10	10	10	10	10	10	10	10	10	9	2	354
10	10	8	10	9	8	10	10	10	10	10	10	98	10	10	10	10	10	10	10	10	10	9	9	8	9	10	10	9	2	75
9	10	98	8	8	98	10	9	10	10	8	8	8	8	8	8	8	8	8	8	10	8	98	98	98	5	8	8	9	2	307
9	9	9	9	9	9	9	9	9	9	9	9	9	9	9	9	9	8	9	9	9	9	9	9	98	10	10	10	10	2	55
10	10	10	10	7	98	10	10	10	10	10	8	10	10	10	10	10	10	10	10	10	98	98	8	98	10	10	10	7	2	116
9	9	9	10	7	7	10	10	10	9	10	9	8	8	8	10	7	9	9	7	10	7	8	8	8	10	9	10	9	2	218
9	9	8	10	6	98	10	10	10	10	9	9	9	8	8	9	8	9	9	6	10	6	8	8	98	10	98	7	8	2	277
9	9	9	9	9	98	8	9	9	9	9	9	9	9	9	9	9	9	9	9	9	9	9	9	98	10	9	9	9	2	446
9	9	8	8	6	5	8	8	8	9	8	9	9	8	7	8	9	10	10	8	10	7	5	5	8	10	8	8	8	2	186
8	10	10	10	8	5	9	9	9	9	10	8	8	9	10	10	9	98	10	10	10	10	8	8	9	10	10	10	9	2	54
9	9	98	6	98	98	10	10	10	9	9	9	98	9	9	8	9	9	9	6	9	98	8	8	8	8	8	8	8	2	437
9	9	8	9	9	98	10	9	9	9	9	9	9	9	10	9	9	9	9	9	10	9	7	7	8	8	9	9	8	2	89
8	8	8	9	9	8	10	10	10	8	10	10	9	8	9	7	8	9	10	9	10	9	9	9	8	7	98	9	9	2	359
8	9	9	9	7	98	8	9	9	9	8	9	8	7	9	9	9	98	8	8	10	8	8	8	8	10	9	9	8	2	151
9	2	9	9	8	7	10	10	10	9	9	9	8	10	9	9	9	9	8	8	9	9	5	5	5	9	9	9	7	2	63
8	10	9	9	98	98	10	10	10	9	9	98	9	8	9	9	9	98	9	9	10	5	8	8	8	10	9	10	8	2	282
8	9	9	9	8	8	8	8	8	9	9	8	8	98	9	8	8	98	9	7	10	7	10	9	9	1	9	9	8	2	74
9	10	9	10	98	98	9	9	9	8	8	9	9	9	9	8	9	9	8	8	10	8	98	98	98	10	9	8	8	2	263
8	8	8	8	6	5	10	10	10	9	8	9	7	8	10	10	8	9	10	7	10	8	6	8	7	10	8	8	8	2	134
9	9	9	9	5	98	5	7	7	7	7	7	8	7	8	9	9	7	8	8	9	8	9	7	5	5	8	8	8	2	310
8	7	9	7	8	98	10	9	9	8	9	8	8	8	7	7	8	9	8	7	8	7	8	8	98	5	7	7	8	2	384
8	10	8	8	7	7	8	8	8	8	8	7	7	7	8	8	8	7	8	8	8	7	8	7	8	10	8	9	8	2	53
8	8	98	8	8	98	10	10	10	8	8	8	8	7	7	8	7	8	7	98	9	7	98	98	98	5	10	10	8	2	390
8	8	5	8	5	5	8	10	10	8	10	10	8	7	8	8	8	7	8	8	8	7	5	5	5	8	8	8	8	2	417
8	10	8	10	7	98	8	10	10	7	8	8	8	7	8	10	8	9	9	8	10	7	7	7	7	9	10	10	9	2	81
10	10	5	10	10	98	10	10	10	9	10	10	10	10	10	10	10	98	10	10	10	10	98	98	10	10	10	10	5	2	167
9	8	9	10	8	98	8	8	8	7	9	8	7	7	8	9	9	9	8	10	10	8	7	98	8	7	8	8	8	2	180
9	10	10	10	7	7	9	9	9	7	8	8	9	9	8	10	8	9	9	5	10	7	7	8	9	9	9	9	8	2	107
9	10	5	10	10	98	10	10	10	8	9	5	10	8	9	8	8	8	7	8	10	8	8	8	98	5	8	8	7	2	270
8	8	9	7	9	5	10	10	10	8	9	7	7	98	7	8	10	8	8	6	9	7	5	5	8	8	9	8	7	2	179
8	8	5	8	5	5	10	10	10	8	9	98	8	98	9	8	9	98	7	7	9	7	6	6	5	7	8	8	7	2	104
9	9	9	9	9	9	9	9	9	5	9	5	9	9	9	9	9	9	9	9	10	9	9	9	9	9	9	9	9	2	337
8	8	9	9	8	8	10	10	10	8	8	8	9	9	8	8	8	9	9	8	9	8	8	8	9	9	9	9	7	2	216
7	7	7	9	7	7	6	7	9	8	8	6	7	8	8	7	5	7	8	7	9	6	7	7	7	5	8	8	8	2	77
7	8	7	8	6	98	10	9	9	8	8	8	8	7	6	8	8	7	8	6	8	7	7	7	7	7	7	7	7	2	379
8	8	8	8	5	5	8	8	8	7	8	8	8	8	8	8	8	8	8	8	8	6	5	5	6	7	8	7	7	2	415
8	8	7	8	6	98	7	8	8	6	8	7	8	7	6	6	8	8	8	7	10	7	4	4	98	7	8	8	8	2	383
8	8	8	8	7	7	8	8	8	7	7	7	7	7	8	7	7	7	7	7	8	7	8	7	7	7	7	7	7	2	450
8	9	8	8	6	98	9	9	9	6	9	7	8	8	9	9	10	10	9	8	10	7	7	7	7	8	9	8	8	2	171
8	8	10	10	98	9	10	10	10	7	8	98	8	7	98	7	8	98	10	98	10	8	7	7	98	5	9	9	6	2	97
8	8	6	8	8	6	8	8	8	8	7	5	7	98	7	8	8	98	8	8	10	8	5	5	5	8	7	7	5	2	153
7	9	7	8	5	6	8	8	9	7	8	8	9	7	7	8	8	98	9	8	9	6	4	5	5	6	6	6	7	2	127
7	9	8	9	7	6	9	9	10	7	8	7	7	7	7	8	6	7	7	8	9	7	7	8	7	8	6	6	6	2	441
8	8	10	9	6	98	9	9	9	5	8	8	9	8	7	7	8	98	8	8	9	7	8	98	9	8	9	8	7	2	42
8	8	8	8	7	98	9	10	9	5	8	8	8	8	7	8	8	98	8	8	8	7	8	8	8	7	6	7	7	2	255
8	8	98	7	98	98	8	10	10	5	8	10	8	98	10	8	8	98	6	7	10	8	5	7	6	7	98	8	7	2	2
7	8	6	5	5	98	9	9	9	7	7	5	8	8	8	9	8	98	9	6	9	7	7	5	5	5	5	5	5	2	352
8	9	98	8	98	98	10	10	10	5	10	98	10	9	5	4	10	5	3	2	8	4	3	2	5	2	5	5	5	2	401
6	6	5	6	5	6	7	7	7	6	7	6	7	6	6	6	6	6	6	6	7	6	6	6	98	7	6	6	6	2	365
3	5	7	3	4	6	6	7	7	3	5	7	6	5	2	2	3	5	5	2	5	2	4	5	6	1	3	1	4	2	128
6	7	98	6	4	98	10	10	10	7	8	7	7	98	8	8	9	98	8	7	9	4	7	6	98	5	6	5	6	3	288
7	8	7	6	7	98	7	7	8	7	7	98	7	8	9	8	6	7	7	6	8	6	9	8	8	6	5	5	6	3	265
7	8	7	8	6	6	8	8	7	7	8	7	6	5	5	6	7	7	8	7	7	6	5	5	5	5	6	3	6	3	144
6	5	7	7	5	5	8	8	8	6	10	8	7	98	10	8	8	98	6	8	10	8	10	10	8	4	98	5	6	3	99
7	7	6	6	5	5	7	7	5	5	7	6	6	7	5	7	8	7	7	7	8	5	5	4	5	5	7	5	6	3	357
7	8	6	6	6	1	10	10	10	7	6	8	98	6	8	8	7	7	9	8	9	6	5	5	98	3	5	5	7	3	86
8	8	98	8	6	98	3	5	5	8	7	98	7	8	9	7	8	98	7	8	9	5	7	7	98	5	8	5	7	3	206
5	5	5	6	4	98	8	8	9	6	8	98	98	6	7	4	98	8	9	4	8	5	4	4	98	5	5	5	5	3	370
5	4	7	7	98	2	8	8	8	5	6	8	98	4	2	6	7	98	8	7	5	3	4	4	4	1	5	5	3	3	362
8	10	98	8	7	98	10	8	10	5	8	8	8	7	9	7	10	10	10	7	9	8	7	7	98	8	7	5	7	3	344
10	10	9	10	8	7	10	10	10	10	9	9	10	10	10	9	10	9	10	8	10	8	8	8	8	10	10	10	10	3	397
10	10	10	10	10	10	10	10	10	10	10	10	10	10	10	10	10	10	10	10	10	10	8	8	10	10	10	10	10	3	60
10	10	10	10	10	10	10	10	10	10	10	10	10	10	10	10	10	10	10	10	10	10	8	8	98	10	10	10	10	3	203
9	10	10	10	8	98	10	10	10	10	10	10	10	9	10	10	9	10	10	10	10	10	10	10	10	10	10	10	10	3	30
9	10	7	10	8	98	10	10	10	10	9	98	9	98	8	10	9	10	10	8	10	7	10	7	98	9	9	10	9	3	173
10	10	9	9	8	7	9	8	8	9	9	8	8	8	9	10	9	8	9	9	10	9	7	7	8	10	9	9	9	3	15
9	9	7	10	8	7	9	9	8	10	9	9	9	9	9	8	10	8	9	8	10	8	8	9	9	10	10	10	9	3	308
9	9	9	9	9	9	10	10	10	10	9	9	9	9	9	9	9	9	9	9	9	9	9	9	8	9	9	9	9	3	448
10	10	8	9	9	9	9	10	10	9	10	10	10	10	9	9	10	10	10	10	10	10	9	9	8	10	10	10	9	3	56
9	9	9	9	9	9	10	10	10	10	9	10	9	10	9	8	8	5	10	9	9	9	8	8	8	9	9	9	8	3	447
9	9	7	9	9	8	10	10	9	9	9	9	9	9	9	8	8	9	9	9	10	8	8	7	9	10	9	9	9	3	85
9	9	8	9	8	98	9	9	9	9	8	8	8	8	9	8	9	98	9	8	9	98	8	8	8	10	10	10	9	3	132
9	10	10	9	98	98	10	10	10	9	9	10	10	98	8	9	9	9	9	9	10	8	7	9	10	10	9	9	9	3	24
9	10	8	9	8	7	9	9	8	9	8	7	8	8	7	9	9	8	8	7	9	8	7	8	98	8	8	8	9	3	113
9	10	8	8	7	98	9	9	9	9	8	7	8	98	8	8	9	8	7	7	8	7	8	7	8	8	8	8	8	3	174
9	10	9	10	98	98	10	10	10	9	10	9	10	9	9	9	10	98	9	8	10	98	8	8	8	9	9	9	8	3	185
9	8	8	10	6	6	7	10	10	9	8	8	9	8	9	9	9	8	9	9	9	6	98	98	98	5	9	10	8	3	91
9	10	7	10	98	98	8	9	9	9	10	98	8	10	10	10	10	8	8	8	10	7	8	7	7	8	8	8	8	3	343
9	10	8	9	8	7	9	9	9	9	9	8	9	9	9	9	9	98	10	9	10	8	7	7	9	9	10	10	8	3	339
9	10	8	8	98	98	10	10	10	9	8	8	8	8	9	7	7	8	8	8	10	98	5	6	98	10	8	10	8	3	229
8	8	8	8	8	5	9	8	8	9	8	8	8	8	7	7	9	10	6	6	10	8	7	7	8	10	9	9	8	3	120
9	7	7	8	6	5	8	8	8	8	7	6	8	7	8	7	8	8	6	8	8	7	5	5	5	10	8	9	8	3	61
9	7	9	9	9	9	10	10	10	8	10	8	8	8	10	10	10	9	8	10	10	6	10	9	98	9	9	9	8	3	215
9	10	9	9	7	98	10	10	10	8	8	8	8	7	8	8	8	8	7	7	9	5	9	9	98	10	10	10	8	3	27
8	8	8	9	8	9	10	10	10	9	9	7	8	9	9	9	8	9	10	8	10	8	7	7	8	10	8	8	8	3	416
10	10	3	10	10	98	5	5	5	8	8	98	8	8	8	8	8	8	8	5	5	6	4	4	5	6	10	8	7	3	197
9	9	9	9	9	98	10	10	10	9	9	9	9	10	8	8	9	8	8	6	9	8	8	7	7	9	7	7	7	3	341
8	7	8	9	8	98	7	8	8	9	8	6	7	6	8	7	8	8	8	7	8	6	7	7	7	9	8	8	8	3	363
8	10	9	9	7	8	10	10	10	9	10	9	9	10	10	8	9	8	9	8	10	9	8	8	9	9	10	9	8	3	429
9	9	9	8	8	8	10	10	10	8	8	8	8	7	7	8	8	7	9	9	9	8	7	7	8	9	9	9	8	3	272
8	8	8	7	6	98	8	8	8	10	8	8	7	7	4	6	7	8	7	7	8	6	6	6	8	7	10	10	7	3	273
8	8	8	7	7	98	7	9	9	8	8	8	7	7	8	8	8	7	8	7	8	7	9	9	9	8	8	8	8	3	18
8	8	7	8	7	7	10	10	10	8	9	10	10	98	9	9	8	9	8	9	9	8	7	7	7	10	9	10	8	3	71
8	8	8	6	7	98	9	10	10	8	9	98	98	98	8	6	9	98	8	8	7	7	8	8	8	8	8	6	8	3	155
8	10	98	9	8	5	10	10	10	8	8	10	8	8	6	7	7	9	9	7	9	8	7	7	8	5	7	8	8	3	400
8	8	8	9	7	5	8	10	10	8	9	7	7	7	7	8	9	9	9	7	10	7	7	6	7	7	8	8	8	3	361
7	7	7	8	7	8	8	8	8	9	8	9	8	7	9	8	8	8	8	7	8	7	7	7	7	5	7	6	8	3	279
8	8	8	8	7	98	10	10	10	8	9	9	9	8	8	9	9	98	8	8	8	6	7	98	8	8	8	8	8	3	230
8	8	8	8	8	6	9	9	9	8	8	8	7	7	8	8	8	8	8	8	8	7	7	7	7	8	8	8	8	3	5
8	8	8	8	7	8	8	8	8	8	8	8	8	8	8	8	8	8	8	8	8	8	8	8	8	8	8	8	7	3	201
7	7	98	7	8	98	8	7	7	8	7	98	7	7	7	7	7	98	6	6	7	98	8	7	98	6	8	9	8	3	202
8	10	8	7	8	98	9	10	10	8	8	10	8	8	8	6	8	8	10	7	10	7	5	7	8	8	10	10	7	3	160
9	9	8	9	8	98	8	8	8	5	7	7	8	5	7	9	9	8	8	7	9	7	5	5	5	10	9	9	8	3	249
9	8	98	8	8	98	10	10	10	5	8	8	98	7	7	8	8	8	8	98	8	98	7	7	7	8	8	8	8	3	205
7	8	8	8	7	8	7	8	9	7	8	8	7	7	7	6	8	8	7	7	8	6	7	7	7	7	8	8	8	3	103
8	10	5	8	7	7	8	8	8	7	8	5	7	7	7	6	5	98	8	8	7	7	7	7	98	7	7	7	7	3	3
7	8	8	8	5	5	10	10	10	8	10	8	8	98	98	8	8	7	10	7	8	98	7	7	98	6	7	7	7	3	444
7	8	98	8	7	98	7	8	8	8	8	8	8	8	8	8	8	8	8	7	8	7	98	98	7	8	7	7	7	3	148
8	10	10	8	5	5	10	10	10	8	9	8	8	8	9	5	8	98	10	5	10	6	5	5	6	8	8	8	6	3	342
8	7	7	7	5	4	9	8	6	7	7	6	5	6	5	5	5	7	6	5	7	4	5	3	5	6	6	6	6	3	430
8	8	8	9	8	98	9	9	9	6	5	5	5	5	7	7	7	7	9	9	9	7	8	7	7	7	8	8	7	3	224
8	8	7	9	8	98	9	9	9	5	8	9	9	9	9	9	9	9	8	8	9	9	8	8	8	9	8	8	8	3	389
7	7	6	7	6	6	7	7	7	7	7	7	7	7	7	6	7	7	7	7	8	7	6	6	5	7	7	7	7	3	244
8	9	8	7	6	8	9	9	8	6	8	7	8	7	7	6	8	9	8	6	9	8	7	7	7	8	8	8	7	3	294
7	7	8	7	6	6	8	8	8	7	7	8	7	7	6	8	8	7	9	7	8	7	8	8	8	8	8	8	7	3	194
6	8	8	8	5	6	9	9	10	7	7	8	6	5	7	7	7	9	8	8	9	8	6	7	5	10	9	7	7	3	82
8	8	8	8	7	98	7	8	8	5	8	7	7	98	8	8	8	98	9	9	8	6	8	7	7	5	98	8	7	3	108
7	7	7	5	5	2	9	10	10	7	7	7	7	7	5	3	4	8	6	5	7	7	2	2	3	5	8	7	6	3	65
5	5	5	6	5	98	7	8	8	7	7	5	5	6	6	6	7	7	6	6	7	5	5	5	5	5	5	7	7	3	66
6	6	7	6	5	98	9	8	8	6	7	7	7	6	5	5	4	8	7	7	8	7	5	6	7	5	6	6	5	3	443
7	7	5	5	5	98	5	7	7	5	7	5	5	98	6	5	7	98	7	5	5	7	8	8	7	5	98	5	5	3	57
5	6	5	4	5	2	10	10	10	4	4	5	5	3	5	4	4	6	10	3	5	5	4	4	7	5	5	5	5	3	161
6	7	98	6	4	98	10	10	10	7	8	7	7	98	8	8	9	98	8	7	9	4	7	6	98	5	6	5	6	3	288
7	8	7	6	7	98	7	7	8	7	7	98	7	8	9	8	6	7	7	6	8	6	9	8	8	6	5	5	6	3	265
7	8	7	8	6	6	8	8	7	7	8	7	6	5	5	6	7	7	8	7	7	6	5	5	5	5	6	3	6	3	144
6	5	7	7	5	5	8	8	8	6	10	8	7	98	10	8	8	98	6	8	10	8	10	10	8	4	98	5	6	3	99
7	7	6	6	5	5	7	7	5	5	7	6	6	7	5	7	8	7	7	7	8	5	5	4	5	5	7	5	6	3	357
7	8	6	6	6	1	10	10	10	7	6	8	98	6	8	8	7	7	9	8	9	6	5	5	98	3	5	5	7	3	86
8	8	98	8	6	98	3	5	5	8	7	98	7	8	9	7	8	98	7	8	9	5	7	7	98	5	8	5	7	3	206
5	5	5	6	4	98	8	8	9	6	8	98	98	6	7	4	98	8	9	4	8	5	4	4	98	5	5	5	5	3	370
5	4	7	7	98	2	8	8	8	5	6	8	98	4	2	6	7	98	8	7	5	3	4	4	4	1	5	5	3	3	362
8	10	98	8	7	98	10	8	10	5	8	8	8	7	9	7	10	10	10	7	9	8	7	7	98	8	7	5	7	3	344
10	10	9	10	8	7	10	10	10	10	9	9	10	10	10	9	10	9	10	8	10	8	8	8	8	10	10	10	10	3	397
10	10	10	10	10	10	10	10	10	10	10	10	10	10	10	10	10	10	10	10	10	10	8	8	10	10	10	10	10	3	60
10	10	10	10	10	10	10	10	10	10	10	10	10	10	10	10	10	10	10	10	10	10	8	8	98	10	10	10	10	3	203
9	10	10	10	8	98	10	10	10	10	10	10	10	9	10	10	9	10	10	10	10	10	10	10	10	10	10	10	10	3	30
9	10	7	10	8	98	10	10	10	10	9	98	9	98	8	10	9	10	10	8	10	7	10	7	98	9	9	10	9	3	173
10	10	9	9	8	7	9	8	8	9	9	8	8	8	9	10	9	8	9	9	10	9	7	7	8	10	9	9	9	3	15
9	9	7	10	8	7	9	9	8	10	9	9	9	9	9	8	10	8	9	8	10	8	8	9	9	10	10	10	9	3	308
9	9	9	9	9	9	10	10	10	10	9	9	9	9	9	9	9	9	9	9	9	9	9	9	8	9	9	9	9	3	448
10	10	8	9	9	9	9	10	10	9	10	10	10	10	9	9	10	10	10	10	10	10	9	9	8	10	10	10	9	3	56
9	9	9	9	9	9	10	10	10	10	9	10	9	10	9	8	8	5	10	9	9	9	8	8	8	9	9	9	8	3	447
9	9	7	9	9	8	10	10	9	9	9	9	9	9	9	8	8	9	9	9	10	8	8	7	9	10	9	9	9	3	85
9	9	8	9	8	98	9	9	9	9	8	8	8	8	9	8	9	98	9	8	9	98	8	8	8	10	10	10	9	3	132
9	10	10	9	98	98	10	10	10	9	9	10	10	98	8	9	9	9	9	9	10	8	7	9	10	10	9	9	9	3	24
9	10	8	9	8	7	9	9	8	9	8	7	8	8	7	9	9	8	8	7	9	8	7	8	98	8	8	8	9	3	113
9	10	8	8	7	98	9	9	9	9	8	7	8	98	8	8	9	8	7	7	8	7	8	7	8	8	8	8	8	3	174
9	10	9	10	98	98	10	10	10	9	10	9	10	9	9	9	10	98	9	8	10	98	8	8	8	9	9	9	8	3	185
9	8	8	10	6	6	7	10	10	9	8	8	9	8	9	9	9	8	9	9	9	6	98	98	98	5	9	10	8	3	91
9	10	7	10	98	98	8	9	9	9	10	98	8	10	10	10	10	8	8	8	10	7	8	7	7	8	8	8	8	3	343
9	10	8	9	8	7	9	9	9	9	9	8	9	9	9	9	9	98	10	9	10	8	7	7	9	9	10	10	8	3	339
9	10	8	8	98	98	10	10	10	9	8	8	8	8	9	7	7	8	8	8	10	98	5	6	98	10	8	10	8	3	229
8	8	8	8	8	5	9	8	8	9	8	8	8	8	7	7	9	10	6	6	10	8	7	7	8	10	9	9	8	3	120
9	7	7	8	6	5	8	8	8	8	7	6	8	7	8	7	8	8	6	8	8	7	5	5	5	10	8	9	8	3	61
9	7	9	9	9	9	10	10	10	8	10	8	8	8	10	10	10	9	8	10	10	6	10	9	98	9	9	9	8	3	215
9	10	9	9	7	98	10	10	10	8	8	8	8	7	8	8	8	8	7	7	9	5	9	9	98	10	10	10	8	3	27
8	8	8	9	8	9	10	10	10	9	9	7	8	9	9	9	8	9	10	8	10	8	7	7	8	10	8	8	8	3	416
10	10	3	10	10	98	5	5	5	8	8	98	8	8	8	8	8	8	8	5	5	6	4	4	5	6	10	8	7	3	197
9	9	9	9	9	98	10	10	10	9	9	9	9	10	8	8	9	8	8	6	9	8	8	7	7	9	7	7	7	3	341
8	7	8	9	8	98	7	8	8	9	8	6	7	6	8	7	8	8	8	7	8	6	7	7	7	9	8	8	8	3	363
8	10	9	9	7	8	10	10	10	9	10	9	9	10	10	8	9	8	9	8	10	9	8	8	9	9	10	9	8	3	429
9	9	9	8	8	8	10	10	10	8	8	8	8	7	7	8	8	7	9	9	9	8	7	7	8	9	9	9	8	3	272
8	8	8	7	6	98	8	8	8	10	8	8	7	7	4	6	7	8	7	7	8	6	6	6	8	7	10	10	7	3	273
8	8	8	7	7	98	7	9	9	8	8	8	7	7	8	8	8	7	8	7	8	7	9	9	9	8	8	8	8	3	18
8	8	7	8	7	7	10	10	10	8	9	10	10	98	9	9	8	9	8	9	9	8	7	7	7	10	9	10	8	3	71
8	8	8	6	7	98	9	10	10	8	9	98	98	98	8	6	9	98	8	8	7	7	8	8	8	8	8	6	8	3	155
8	10	98	9	8	5	10	10	10	8	8	10	8	8	6	7	7	9	9	7	9	8	7	7	8	5	7	8	8	3	400
8	8	8	9	7	5	8	10	10	8	9	7	7	7	7	8	9	9	9	7	10	7	7	6	7	7	8	8	8	3	361
7	7	7	8	7	8	8	8	8	9	8	9	8	7	9	8	8	8	8	7	8	7	7	7	7	5	7	6	8	3	279
8	8	8	8	7	98	10	10	10	8	9	9	9	8	8	9	9	98	8	8	8	6	7	98	8	8	8	8	8	3	230
8	8	8	8	8	6	9	9	9	8	8	8	7	7	8	8	8	8	8	8	8	7	7	7	7	8	8	8	8	3	5
8	8	8	8	7	8	8	8	8	8	8	8	8	8	8	8	8	8	8	8	8	8	8	8	8	8	8	8	7	3	201
7	7	98	7	8	98	8	7	7	8	7	98	7	7	7	7	7	98	6	6	7	98	8	7	98	6	8	9	8	3	202
8	10	8	7	8	98	9	10	10	8	8	10	8	8	8	6	8	8	10	7	10	7	5	7	8	8	10	10	7	3	160
9	9	8	9	8	98	8	8	8	5	7	7	8	5	7	9	9	8	8	7	9	7	5	5	5	10	9	9	8	3	249
9	8	98	8	8	98	10	10	10	5	8	8	98	7	7	8	8	8	8	98	8	98	7	7	7	8	8	8	8	3	205
7	8	8	8	7	8	7	8	9	7	8	8	7	7	7	6	8	8	7	7	8	6	7	7	7	7	8	8	8	3	103
8	10	5	8	7	7	8	8	8	7	8	5	7	7	7	6	5	98	8	8	7	7	7	7	98	7	7	7	7	3	3
7	8	8	8	5	5	10	10	10	8	10	8	8	98	98	8	8	7	10	7	8	98	7	7	98	6	7	7	7	3	444
7	8	98	8	7	98	7	8	8	8	8	8	8	8	8	8	8	8	8	7	8	7	98	98	7	8	7	7	7	3	148
8	10	10	8	5	5	10	10	10	8	9	8	8	8	9	5	8	98	10	5	10	6	5	5	6	8	8	8	6	3	342
8	7	7	7	5	4	9	8	6	7	7	6	5	6	5	5	5	7	6	5	7	4	5	3	5	6	6	6	6	3	430
8	8	8	9	8	98	9	9	9	6	5	5	5	5	7	7	7	7	9	9	9	7	8	7	7	7	8	8	7	3	224
8	8	7	9	8	98	9	9	9	5	8	9	9	9	9	9	9	9	8	8	9	9	8	8	8	9	8	8	8	3	389
7	7	6	7	6	6	7	7	7	7	7	7	7	7	7	6	7	7	7	7	8	7	6	6	5	7	7	7	7	3	244
8	9	8	7	6	8	9	9	8	6	8	7	8	7	7	6	8	9	8	6	9	8	7	7	7	8	8	8	7	3	294
7	7	8	7	6	6	8	8	8	7	7	8	7	7	6	8	8	7	9	7	8	7	8	8	8	8	8	8	7	3	194
6	8	8	8	5	6	9	9	10	7	7	8	6	5	7	7	7	9	8	8	9	8	6	7	5	10	9	7	7	3	82
8	8	8	8	7	98	7	8	8	5	8	7	7	98	8	8	8	98	9	9	8	6	8	7	7	5	98	8	7	3	108
7	7	7	5	5	2	9	10	10	7	7	7	7	7	5	3	4	8	6	5	7	7	2	2	3	5	8	7	6	3	65
5	5	5	6	5	98	7	8	8	7	7	5	5	6	6	6	7	7	6	6	7	5	5	5	5	5	5	7	7	3	66
6	6	7	6	5	98	9	8	8	6	7	7	7	6	5	5	4	8	7	7	8	7	5	6	7	5	6	6	5	3	443
7	7	5	5	5	98	5	7	7	5	7	5	5	98	6	5	7	98	7	5	5	7	8	8	7	5	98	5	5	3	57
5	6	5	4	5	2	10	10	10	4	4	5	5	3	5	4	4	6	10	3	5	5	4	4	7	5	5	5	5	3	161
5	6	6	6	6	98	9	9	9	5	5	7	7	5	6	7	5	7	9	3	7	4	3	3	5	5	6	5	6	4	221
6	5	6	7	2	98	7	7	7	4	8	8	4	98	5	5	8	8	6	4	5	3	4	4	5	3	5	4	5	4	122
6	5	6	7	4	98	8	8	8	4	4	7	5	4	4	3	4	5	8	6	7	3	5	5	4	8	4	4	4	4	433
8	8	5	7	5	98	10	10	10	8	8	5	7	7	9	9	9	9	10	8	10	8	5	8	6	10	10	5	8	4	248
8	8	7	8	7	98	8	8	8	8	8	98	7	98	7	8	7	6	8	6	8	5	8	8	98	9	8	5	7	4	269
7	5	5	5	5	98	5	10	10	5	5	8	5	5	5	5	7	10	5	3	5	3	3	3	5	5	4	5	5	4	245
1	1	2	3	5	98	6	2	6	3	3	3	2	5	1	3	5	7	6	5	2	98	1	4	2	1	2	1	2	4	141
10	10	10	10	8	98	10	10	10	10	10	10	10	10	10	10	10	98	8	10	10	98	98	98	98	10	10	10	10	4	322
10	10	10	10	10	10	10	10	10	10	10	10	10	10	10	10	10	10	10	10	10	10	8	8	10	10	10	10	10	4	284
10	10	10	10	10	9	10	10	10	10	10	10	10	10	10	10	10	10	10	10	10	10	10	10	10	10	10	10	10	4	242
10	10	10	10	10	10	8	10	10	8	10	10	10	10	10	8	10	10	10	10	10	8	8	8	10	10	10	10	10	4	223
10	10	9	9	10	10	10	10	10	8	10	10	9	9	9	10	10	10	9	8	10	9	9	9	9	10	10	10	10	4	119
9	10	10	10	8	7	10	10	10	9	10	9	10	98	9	10	10	10	10	10	10	9	8	8	8	10	10	10	9	4	193
9	9	98	9	9	98	9	9	9	9	9	9	9	9	9	98	9	98	10	7	10	9	8	8	98	8	9	9	8	4	304
8	7	7	7	98	98	10	10	10	10	10	10	9	8	9	10	9	10	9	8	10	8	5	5	7	8	8	8	8	4	327
8	8	98	10	8	98	10	8	8	10	8	8	10	8	7	8	10	10	8	7	10	7	7	7	8	8	9	10	8	4	330
8	10	10	10	8	98	10	10	10	8	8	8	8	8	9	9	9	8	8	10	10	8	7	8	8	10	9	10	10	4	121
9	9	10	10	10	10	10	10	10	9	9	98	9	10	8	9	10	9	9	10	10	10	9	9	9	10	10	10	8	4	378
8	8	8	9	5	5	8	10	10	8	8	8	7	6	8	9	9	8	9	6	9	6	7	7	8	9	8	9	9	4	236
9	10	5	8	5	5	5	5	5	7	10	5	8	5	10	8	10	98	8	7	10	98	7	7	5	8	10	10	9	4	14
8	10	8	8	98	98	9	10	10	8	9	8	9	10	7	9	9	10	10	10	10	98	9	8	8	8	9	10	9	4	47
8	10	7	8	8	8	10	10	10	9	9	9	8	8	8	8	8	9	9	9	9	8	5	6	7	7	8	8	8	4	228
8	9	6	9	9	5	9	9	9	9	8	5	8	7	7	9	7	10	8	8	8	6	7	8	6	7	8	8	7	4	105
8	8	8	8	8	8	9	9	9	8	8	8	8	98	8	8	9	9	9	9	10	10	8	8	5	5	5	8	8	4	198
8	10	8	9	8	98	8	8	8	8	8	8	9	98	10	10	9	9	10	9	9	8	8	8	8	8	8	8	8	4	271
8	8	7	7	7	98	8	10	8	8	8	8	8	8	8	8	8	98	8	6	7	5	8	8	7	6	8	7	8	4	226
10	10	8	8	5	98	10	10	10	5	9	9	9	98	98	9	9	98	8	8	10	8	7	7	98	5	8	8	9	4	16
8	8	5	8	7	5	9	9	8	9	10	8	8	5	7	9	9	98	8	7	9	9	8	8	7	9	7	8	7	4	211
8	8	8	9	7	98	9	9	10	9	8	8	8	98	8	9	9	8	9	8	9	8	7	8	7	9	9	8	7	4	336
8	10	8	8	8	98	8	10	10	8	9	9	8	8	9	9	9	9	10	8	10	8	7	7	7	7	9	9	8	4	133
8	8	8	6	6	8	8	8	8	8	8	7	7	6	7	98	7	9	6	7	7	6	8	7	9	9	10	8	7	4	214
7	8	98	7	8	8	7	8	8	8	8	8	8	8	7	8	9	9	7	8	9	8	7	7	98	9	8	8	8	4	220
9	9	9	10	9	98	9	10	10	6	9	9	8	9	9	8	10	8	9	9	10	9	8	8	8	9	9	9	8	4	40
10	10	8	10	98	98	8	10	10	5	8	9	9	98	9	10	9	8	10	8	10	8	7	9	8	8	9	10	8	4	208
8	8	8	7	8	7	9	9	9	7	8	8	8	7	7	7	8	7	8	7	7	7	6	6	7	10	8	10	8	4	422
9	10	98	10	9	9	9	9	9	9	9	9	9	9	10	10	9	10	9	9	10	9	8	9	98	10	10	10	5	4	138
9	9	5	7	8	98	9	9	9	7	8	5	5	8	8	7	8	9	9	7	8	8	7	7	98	8	8	8	7	4	34
8	8	6	7	8	98	10	10	10	7	7	8	8	8	7	8	8	7	8	8	8	8	7	7	7	7	8	7	7	4	51
8	8	9	8	7	7	9	9	8	7	8	8	9	7	8	7	9	8	9	6	9	6	8	8	9	8	8	9	7	4	240
8	10	8	8	8	98	10	10	10	5	8	8	8	8	8	8	8	8	8	8	8	8	8	8	8	10	8	8	8	4	349
7	7	8	7	6	98	9	9	10	7	8	8	8	6	5	7	6	8	7	6	8	5	6	7	8	8	7	7	7	4	313
7	8	7	8	7	8	7	8	8	7	8	8	7	7	8	7	7	7	8	6	8	7	9	7	8	8	8	8	7	4	331
7	10	7	7	7	98	8	8	8	7	8	7	7	8	7	7	8	8	8	6	8	6	5	5	7	7	7	7	7	4	231
8	8	8	9	8	98	10	10	10	5	8	8	8	8	8	9	8	9	10	9	10	8	8	8	8	8	98	5	8	4	28
7	8	5	7	8	5	8	8	8	7	7	9	8	7	6	7	7	9	9	7	9	8	7	7	7	8	8	8	7	4	200
8	8	8	8	5	98	8	8	8	5	8	98	8	7	8	8	8	98	8	7	8	6	5	5	8	1	8	8	8	4	106
8	8	8	8	7	7	8	8	7	5	8	8	8	9	8	8	9	6	7	7	8	8	7	7	6	7	8	8	7	4	177
8	8	8	9	7	8	10	10	10	5	8	8	9	8	7	9	8	8	6	7	9	6	5	5	7	10	8	8	7	4	250
7	8	7	7	6	5	9	10	10	7	7	5	6	8	8	9	9	7	9	9	9	8	6	6	7	7	8	7	6	4	293
8	10	98	8	7	9	9	10	10	5	8	7	7	8	8	10	8	8	7	7	9	8	5	5	7	8	8	8	6	4	164
6	9	98	6	6	6	5	8	8	5	8	6	6	8	6	4	8	8	6	4	6	98	4	98	98	1	6	8	6	4	328
8	7	98	10	98	98	8	8	8	5	6	98	5	5	5	7	7	5	7	5	5	5	1	1	1	4	3	3	3	4	225
5	6	6	6	6	98	9	9	9	5	5	7	7	5	6	7	5	7	9	3	7	4	3	3	5	5	6	5	6	4	221
6	5	6	7	2	98	7	7	7	4	8	8	4	98	5	5	8	8	6	4	5	3	4	4	5	3	5	4	5	4	122
6	5	6	7	4	98	8	8	8	4	4	7	5	4	4	3	4	5	8	6	7	3	5	5	4	8	4	4	4	4	433
8	8	5	7	5	98	10	10	10	8	8	5	7	7	9	9	9	9	10	8	10	8	5	8	6	10	10	5	8	4	248
8	8	7	8	7	98	8	8	8	8	8	98	7	98	7	8	7	6	8	6	8	5	8	8	98	9	8	5	7	4	269
7	5	5	5	5	98	5	10	10	5	5	8	5	5	5	5	7	10	5	3	5	3	3	3	5	5	4	5	5	4	245
1	1	2	3	5	98	6	2	6	3	3	3	2	5	1	3	5	7	6	5	2	98	1	4	2	1	2	1	2	4	141
10	10	10	10	8	98	10	10	10	10	10	10	10	10	10	10	10	98	8	10	10	98	98	98	98	10	10	10	10	4	322
10	10	10	10	10	10	10	10	10	10	10	10	10	10	10	10	10	10	10	10	10	10	8	8	10	10	10	10	10	4	284
10	10	10	10	10	9	10	10	10	10	10	10	10	10	10	10	10	10	10	10	10	10	10	10	10	10	10	10	10	4	242
10	10	10	10	10	10	8	10	10	8	10	10	10	10	10	8	10	10	10	10	10	8	8	8	10	10	10	10	10	4	223
10	10	9	9	10	10	10	10	10	8	10	10	9	9	9	10	10	10	9	8	10	9	9	9	9	10	10	10	10	4	119
9	10	10	10	8	7	10	10	10	9	10	9	10	98	9	10	10	10	10	10	10	9	8	8	8	10	10	10	9	4	193
9	9	98	9	9	98	9	9	9	9	9	9	9	9	9	98	9	98	10	7	10	9	8	8	98	8	9	9	8	4	304
8	7	7	7	98	98	10	10	10	10	10	10	9	8	9	10	9	10	9	8	10	8	5	5	7	8	8	8	8	4	327
8	8	98	10	8	98	10	8	8	10	8	8	10	8	7	8	10	10	8	7	10	7	7	7	8	8	9	10	8	4	330
8	10	10	10	8	98	10	10	10	8	8	8	8	8	9	9	9	8	8	10	10	8	7	8	8	10	9	10	10	4	121
9	9	10	10	10	10	10	10	10	9	9	98	9	10	8	9	10	9	9	10	10	10	9	9	9	10	10	10	8	4	378
8	8	8	9	5	5	8	10	10	8	8	8	7	6	8	9	9	8	9	6	9	6	7	7	8	9	8	9	9	4	236
9	10	5	8	5	5	5	5	5	7	10	5	8	5	10	8	10	98	8	7	10	98	7	7	5	8	10	10	9	4	14
8	10	8	8	98	98	9	10	10	8	9	8	9	10	7	9	9	10	10	10	10	98	9	8	8	8	9	10	9	4	47
8	10	7	8	8	8	10	10	10	9	9	9	8	8	8	8	8	9	9	9	9	8	5	6	7	7	8	8	8	4	228
8	9	6	9	9	5	9	9	9	9	8	5	8	7	7	9	7	10	8	8	8	6	7	8	6	7	8	8	7	4	105
8	8	8	8	8	8	9	9	9	8	8	8	8	98	8	8	9	9	9	9	10	10	8	8	5	5	5	8	8	4	198
8	10	8	9	8	98	8	8	8	8	8	8	9	98	10	10	9	9	10	9	9	8	8	8	8	8	8	8	8	4	271
8	8	7	7	7	98	8	10	8	8	8	8	8	8	8	8	8	98	8	6	7	5	8	8	7	6	8	7	8	4	226
10	10	8	8	5	98	10	10	10	5	9	9	9	98	98	9	9	98	8	8	10	8	7	7	98	5	8	8	9	4	16
8	8	5	8	7	5	9	9	8	9	10	8	8	5	7	9	9	98	8	7	9	9	8	8	7	9	7	8	7	4	211
8	8	8	9	7	98	9	9	10	9	8	8	8	98	8	9	9	8	9	8	9	8	7	8	7	9	9	8	7	4	336
8	10	8	8	8	98	8	10	10	8	9	9	8	8	9	9	9	9	10	8	10	8	7	7	7	7	9	9	8	4	133
8	8	8	6	6	8	8	8	8	8	8	7	7	6	7	98	7	9	6	7	7	6	8	7	9	9	10	8	7	4	214
7	8	98	7	8	8	7	8	8	8	8	8	8	8	7	8	9	9	7	8	9	8	7	7	98	9	8	8	8	4	220
9	9	9	10	9	98	9	10	10	6	9	9	8	9	9	8	10	8	9	9	10	9	8	8	8	9	9	9	8	4	40
10	10	8	10	98	98	8	10	10	5	8	9	9	98	9	10	9	8	10	8	10	8	7	9	8	8	9	10	8	4	208
8	8	8	7	8	7	9	9	9	7	8	8	8	7	7	7	8	7	8	7	7	7	6	6	7	10	8	10	8	4	422
9	10	98	10	9	9	9	9	9	9	9	9	9	9	10	10	9	10	9	9	10	9	8	9	98	10	10	10	5	4	138
9	9	5	7	8	98	9	9	9	7	8	5	5	8	8	7	8	9	9	7	8	8	7	7	98	8	8	8	7	4	34
8	8	6	7	8	98	10	10	10	7	7	8	8	8	7	8	8	7	8	8	8	8	7	7	7	7	8	7	7	4	51
8	8	9	8	7	7	9	9	8	7	8	8	9	7	8	7	9	8	9	6	9	6	8	8	9	8	8	9	7	4	240
8	10	8	8	8	98	10	10	10	5	8	8	8	8	8	8	8	8	8	8	8	8	8	8	8	10	8	8	8	4	349
7	7	8	7	6	98	9	9	10	7	8	8	8	6	5	7	6	8	7	6	8	5	6	7	8	8	7	7	7	4	313
7	8	7	8	7	8	7	8	8	7	8	8	7	7	8	7	7	7	8	6	8	7	9	7	8	8	8	8	7	4	331
7	10	7	7	7	98	8	8	8	7	8	7	7	8	7	7	8	8	8	6	8	6	5	5	7	7	7	7	7	4	231
8	8	8	9	8	98	10	10	10	5	8	8	8	8	8	9	8	9	10	9	10	8	8	8	8	8	98	5	8	4	28
7	8	5	7	8	5	8	8	8	7	7	9	8	7	6	7	7	9	9	7	9	8	7	7	7	8	8	8	7	4	200
8	8	8	8	5	98	8	8	8	5	8	98	8	7	8	8	8	98	8	7	8	6	5	5	8	1	8	8	8	4	106
8	8	8	8	7	7	8	8	7	5	8	8	8	9	8	8	9	6	7	7	8	8	7	7	6	7	8	8	7	4	177
8	8	8	9	7	8	10	10	10	5	8	8	9	8	7	9	8	8	6	7	9	6	5	5	7	10	8	8	7	4	250
7	8	7	7	6	5	9	10	10	7	7	5	6	8	8	9	9	7	9	9	9	8	6	6	7	7	8	7	6	4	293
8	10	98	8	7	9	9	10	10	5	8	7	7	8	8	10	8	8	7	7	9	8	5	5	7	8	8	8	6	4	164
6	9	98	6	6	6	5	8	8	5	8	6	6	8	6	4	8	8	6	4	6	98	4	98	98	1	6	8	6	4	328
8	7	98	10	98	98	8	8	8	5	6	98	5	5	5	7	7	5	7	5	5	5	1	1	1	4	3	3	3	4	225
5	6	5	6	4	98	9	8	9	4	7	8	5	7	4	5	6	7	8	4	6	4	3	6	5	4	5	5	5	5	319
2	6	6	2	2	6	10	10	10	2	5	6	2	2	2	6	2	98	5	2	8	2	2	2	4	2	2	2	5	5	280
6	5	6	5	4	98	9	8	8	5	6	5	4	5	6	7	7	6	7	5	7	4	5	6	5	4	6	5	5	5	451
9	10	10	10	8	98	8	10	10	8	10	10	9	10	10	7	10	10	9	9	10	7	10	10	10	6	5	4	8	5	295
10	10	6	9	7	5	10	10	10	10	10	10	10	10	10	10	10	10	8	10	10	8	6	6	7	10	10	10	9	5	152
10	10	8	10	8	98	8	10	9	10	8	8	9	10	10	10	10	9	8	8	10	7	9	10	8	8	10	10	8	5	262
10	10	10	10	8	8	9	10	10	9	9	9	8	9	8	10	10	9	10	8	10	8	8	8	9	9	9	9	9	5	423
10	10	98	10	8	98	9	9	9	9	9	9	9	98	10	9	9	98	10	9	10	7	8	8	10	10	10	8	9	5	22
10	10	98	10	98	98	10	10	10	10	10	10	10	10	10	10	10	10	10	7	10	10	98	98	98	10	10	10	8	5	136
10	9	9	10	8	8	10	9	9	9	9	10	9	8	8	10	10	10	10	10	9	9	8	8	9	9	10	9	9	5	371
9	10	8	9	7	98	9	9	9	9	9	8	9	9	8	9	10	98	8	8	10	7	8	8	9	9	9	10	8	5	252
9	9	9	9	98	98	10	10	10	9	9	9	9	98	9	9	9	9	8	8	10	8	7	7	8	7	8	8	8	5	96
9	9	8	10	8	9	10	10	10	8	9	9	9	8	9	10	10	9	10	10	10	8	9	9	10	5	10	10	9	5	98
10	10	10	9	8	98	9	9	9	8	8	8	8	98	9	10	9	9	10	7	10	8	6	6	8	10	10	9	8	5	93
8	10	98	10	98	98	10	10	10	10	10	10	10	98	98	10	9	98	10	10	10	10	5	5	5	10	8	9	8	5	49
9	9	5	9	8	98	9	9	9	9	9	8	8	8	10	8	8	98	10	10	8	8	10	10	98	5	8	8	8	5	355
9	9	98	9	7	7	10	10	10	9	9	8	8	9	9	10	8	7	10	9	9	8	8	7	8	10	8	8	8	5	196
8	9	7	8	8	98	7	10	10	8	8	8	9	9	8	9	9	98	10	10	10	8	7	7	7	8	8	8	9	5	368
8	10	98	98	98	98	9	10	10	9	10	5	10	8	8	8	8	8	8	8	8	98	7	7	7	8	8	8	8	5	291
8	8	8	7	8	98	10	10	10	8	8	8	8	8	8	5	8	10	10	7	10	7	8	5	98	10	8	10	9	5	287
9	9	10	9	98	8	9	10	10	8	9	9	9	9	9	9	10	98	9	9	10	10	8	8	9	5	10	5	8	5	73
10	10	98	10	98	98	10	10	10	10	10	10	10	10	10	10	10	10	10	10	10	10	4	4	98	10	5	8	5	5	356
8	8	8	8	98	98	7	9	9	9	7	7	8	98	8	7	8	8	8	8	8	98	8	8	98	8	8	8	8	5	297
9	9	9	8	6	7	5	6	6	8	8	8	7	8	8	8	9	8	9	7	8	6	5	5	8	5	5	7	8	5	442
8	8	8	8	7	7	9	9	9	9	8	8	8	8	9	9	9	8	9	9	8	7	7	7	7	6	8	8	8	5	388
8	9	8	9	7	98	10	10	10	9	9	8	9	8	7	8	9	10	8	7	9	7	7	7	8	5	9	9	8	5	212
8	7	8	8	7	98	9	9	9	8	8	8	9	98	8	8	8	8	8	7	8	7	6	6	8	9	9	9	9	5	23
8	9	98	9	7	98	9	8	8	9	8	9	8	8	9	8	9	8	9	8	9	6	7	7	7	7	9	10	8	5	393
8	8	8	8	7	5	8	10	10	8	8	8	8	98	8	6	8	98	8	7	8	7	7	7	7	8	8	8	8	5	372
8	8	7	8	98	98	9	9	5	8	8	98	7	8	8	9	7	98	8	8	8	98	5	5	8	9	8	8	8	5	302
8	9	8	8	7	98	9	8	9	8	8	8	8	8	8	9	9	8	9	7	7	7	7	7	8	8	98	8	8	5	227
8	8	8	8	6	98	9	9	7	8	7	8	9	8	8	7	8	7	8	7	8	7	8	7	98	8	8	8	8	5	348
8	8	7	7	6	98	9	9	9	8	8	8	8	8	9	8	9	7	7	6	9	8	8	7	8	9	8	9	8	5	421
8	8	9	8	6	98	9	8	9	9	9	9	9	7	7	8	9	98	8	98	8	4	8	8	98	9	8	8	7	5	309
8	8	8	7	7	6	8	9	9	7	8	7	7	7	8	6	8	7	6	6	8	6	7	7	8	5	8	10	9	5	301
8	8	8	8	7	7	9	9	9	9	8	7	8	8	8	9	9	7	8	7	9	7	7	7	8	7	7	7	7	5	19
7	9	5	5	98	98	8	8	8	8	7	7	7	8	10	98	10	10	8	8	8	8	98	98	8	10	98	6	8	5	192
8	8	9	7	9	98	9	9	9	8	8	8	8	7	8	8	9	98	7	8	7	7	7	7	7	7	7	7	7	5	369
8	8	6	8	8	8	9	9	9	8	8	8	8	98	7	7	8	7	7	7	8	6	8	9	8	5	7	7	7	5	169
8	10	7	7	6	6	8	8	10	8	8	8	7	98	7	7	7	7	8	7	9	6	6	6	98	7	7	7	7	5	321
9	8	8	8	8	98	7	9	9	8	8	9	98	7	9	7	7	7	10	8	8	98	8	7	8	7	8	9	6	5	146
8	8	7	8	8	8	10	10	10	8	8	98	9	6	9	9	10	8	9	8	10	7	8	7	98	5	8	8	7	5	188
8	9	8	8	7	7	8	10	10	8	8	9	8	8	8	9	9	9	7	8	9	7	8	8	8	8	8	8	7	5	176
7	7	7	7	7	4	7	8	8	8	8	9	9	8	8	98	8	98	7	8	8	7	5	5	8	8	8	8	8	5	366
9	10	8	10	9	98	10	10	10	8	10	98	9	8	8	10	10	8	9	8	10	98	8	8	9	10	8	9	6	5	296
8	8	7	8	6	5	7	7	8	8	7	6	7	6	6	7	8	7	7	7	8	7	7	7	7	7	8	8	7	5	126
9	8	8	8	98	8	8	8	8	8	8	98	8	8	8	8	8	8	8	8	8	98	98	98	98	8	8	8	5	5	261
8	8	8	9	7	7	7	8	7	8	7	7	7	7	7	7	8	7	7	6	8	7	7	7	7	7	7	6	6	5	434
7	7	7	8	5	7	8	8	8	8	7	8	7	7	6	8	6	7	7	8	8	8	5	5	6	10	8	8	7	5	72
8	8	7	9	5	5	9	8	8	8	9	8	9	7	7	8	8	9	9	8	8	6	6	6	7	7	7	7	6	5	364
7	7	8	7	7	6	9	8	8	8	8	8	7	7	8	8	8	9	8	9	8	7	7	7	7	8	8	7	7	5	382
8	7	6	6	7	5	7	8	8	7	9	8	7	6	8	7	8	7	7	7	8	6	7	7	8	9	8	8	7	5	399
8	7	7	7	7	7	8	8	8	7	8	7	7	7	6	7	8	98	7	7	8	7	7	7	7	7	7	7	7	5	367
8	8	98	7	7	98	8	10	10	7	8	7	7	7	7	7	7	7	7	7	8	7	98	7	98	6	7	6	7	5	41
8	8	8	7	6	4	10	10	10	7	8	7	8	7	8	6	6	7	7	6	7	5	6	7	7	1	7	7	7	5	145
8	8	8	7	98	98	10	10	10	7	8	8	8	8	7	8	8	98	7	7	8	7	6	6	98	10	8	8	7	5	409
7	7	98	7	5	98	9	8	9	7	7	9	8	8	7	7	7	9	8	8	9	8	5	5	5	5	7	7	7	5	45
8	10	10	10	8	8	10	10	10	8	10	8	8	8	7	7	10	5	9	8	9	9	8	8	5	5	5	5	5	5	162
8	7	7	5	98	98	8	8	8	8	8	98	98	7	10	6	9	98	7	9	9	98	6	6	6	7	7	7	5	5	210
7	7	98	8	8	8	8	8	8	7	7	9	8	8	8	7	9	8	9	7	9	6	7	5	98	7	8	6	6	5	424
7	8	7	7	5	3	7	9	8	6	7	9	5	98	6	7	7	8	8	5	9	6	6	7	6	8	8	8	7	5	257
7	8	8	6	7	5	7	7	9	7	7	7	6	7	8	7	9	98	7	5	7	5	5	5	6	5	7	7	6	5	213
8	5	5	5	5	5	7	7	7	7	6	5	6	6	7	7	7	5	7	5	7	3	5	5	5	5	5	5	5	5	9
7	6	7	7	5	5	7	7	7	7	6	5	6	6	7	8	8	6	6	6	7	6	7	7	7	7	6	6	6	5	403
7	8	6	8	7	6	9	8	8	7	8	8	7	7	8	8	7	7	8	7	8	6	6	6	5	5	7	6	5	5	407
7	7	98	7	6	98	9	9	9	5	8	7	5	7	6	7	7	8	6	4	7	4	98	98	98	7	98	7	6	5	375
7	7	98	6	5	5	6	7	7	4	6	98	98	98	7	5	6	6	7	7	8	5	3	5	5	2	4	4	4	5	305
6	7	5	6	4	3	7	7	7	4	5	5	5	8	7	7	6	5	6	6	8	4	4	5	98	7	6	6	5	5	268
5	7	5	5	8	98	9	9	9	5	8	8	9	8	8	8	5	9	6	5	8	6	8	8	8	8	7	7	5	5	140
6	7	5	7	5	2	4	6	3	4	4	4	6	5	5	7	6	3	7	5	8	6	4	4	4	4	3	3	3	5	48
5	6	5	6	4	98	9	8	9	4	7	8	5	7	4	5	6	7	8	4	6	4	3	6	5	4	5	5	5	5	319
2	6	6	2	2	6	10	10	10	2	5	6	2	2	2	6	2	98	5	2	8	2	2	2	4	2	2	2	5	5	280
6	5	6	5	4	98	9	8	8	5	6	5	4	5	6	7	7	6	7	5	7	4	5	6	5	4	6	5	5	5	451
9	10	10	10	8	98	8	10	10	8	10	10	9	10	10	7	10	10	9	9	10	7	10	10	10	6	5	4	8	5	295
10	10	6	9	7	5	10	10	10	10	10	10	10	10	10	10	10	10	8	10	10	8	6	6	7	10	10	10	9	5	152
10	10	8	10	8	98	8	10	9	10	8	8	9	10	10	10	10	9	8	8	10	7	9	10	8	8	10	10	8	5	262
10	10	10	10	8	8	9	10	10	9	9	9	8	9	8	10	10	9	10	8	10	8	8	8	9	9	9	9	9	5	423
10	10	98	10	8	98	9	9	9	9	9	9	9	98	10	9	9	98	10	9	10	7	8	8	10	10	10	8	9	5	22
10	10	98	10	98	98	10	10	10	10	10	10	10	10	10	10	10	10	10	7	10	10	98	98	98	10	10	10	8	5	136
10	9	9	10	8	8	10	9	9	9	9	10	9	8	8	10	10	10	10	10	9	9	8	8	9	9	10	9	9	5	371
9	10	8	9	7	98	9	9	9	9	9	8	9	9	8	9	10	98	8	8	10	7	8	8	9	9	9	10	8	5	252
9	9	9	9	98	98	10	10	10	9	9	9	9	98	9	9	9	9	8	8	10	8	7	7	8	7	8	8	8	5	96
9	9	8	10	8	9	10	10	10	8	9	9	9	8	9	10	10	9	10	10	10	8	9	9	10	5	10	10	9	5	98
10	10	10	9	8	98	9	9	9	8	8	8	8	98	9	10	9	9	10	7	10	8	6	6	8	10	10	9	8	5	93
8	10	98	10	98	98	10	10	10	10	10	10	10	98	98	10	9	98	10	10	10	10	5	5	5	10	8	9	8	5	49
9	9	5	9	8	98	9	9	9	9	9	8	8	8	10	8	8	98	10	10	8	8	10	10	98	5	8	8	8	5	355
9	9	98	9	7	7	10	10	10	9	9	8	8	9	9	10	8	7	10	9	9	8	8	7	8	10	8	8	8	5	196
8	9	7	8	8	98	7	10	10	8	8	8	9	9	8	9	9	98	10	10	10	8	7	7	7	8	8	8	9	5	368
8	10	98	98	98	98	9	10	10	9	10	5	10	8	8	8	8	8	8	8	8	98	7	7	7	8	8	8	8	5	291
8	8	8	7	8	98	10	10	10	8	8	8	8	8	8	5	8	10	10	7	10	7	8	5	98	10	8	10	9	5	287
9	9	10	9	98	8	9	10	10	8	9	9	9	9	9	9	10	98	9	9	10	10	8	8	9	5	10	5	8	5	73
10	10	98	10	98	98	10	10	10	10	10	10	10	10	10	10	10	10	10	10	10	10	4	4	98	10	5	8	5	5	356
8	8	8	8	98	98	7	9	9	9	7	7	8	98	8	7	8	8	8	8	8	98	8	8	98	8	8	8	8	5	297
9	9	9	8	6	7	5	6	6	8	8	8	7	8	8	8	9	8	9	7	8	6	5	5	8	5	5	7	8	5	442
8	8	8	8	7	7	9	9	9	9	8	8	8	8	9	9	9	8	9	9	8	7	7	7	7	6	8	8	8	5	388
8	9	8	9	7	98	10	10	10	9	9	8	9	8	7	8	9	10	8	7	9	7	7	7	8	5	9	9	8	5	212
8	7	8	8	7	98	9	9	9	8	8	8	9	98	8	8	8	8	8	7	8	7	6	6	8	9	9	9	9	5	23
8	9	98	9	7	98	9	8	8	9	8	9	8	8	9	8	9	8	9	8	9	6	7	7	7	7	9	10	8	5	393
8	8	8	8	7	5	8	10	10	8	8	8	8	98	8	6	8	98	8	7	8	7	7	7	7	8	8	8	8	5	372
8	8	7	8	98	98	9	9	5	8	8	98	7	8	8	9	7	98	8	8	8	98	5	5	8	9	8	8	8	5	302
8	9	8	8	7	98	9	8	9	8	8	8	8	8	8	9	9	8	9	7	7	7	7	7	8	8	98	8	8	5	227
8	8	8	8	6	98	9	9	7	8	7	8	9	8	8	7	8	7	8	7	8	7	8	7	98	8	8	8	8	5	348
8	8	7	7	6	98	9	9	9	8	8	8	8	8	9	8	9	7	7	6	9	8	8	7	8	9	8	9	8	5	421
8	8	9	8	6	98	9	8	9	9	9	9	9	7	7	8	9	98	8	98	8	4	8	8	98	9	8	8	7	5	309
8	8	8	7	7	6	8	9	9	7	8	7	7	7	8	6	8	7	6	6	8	6	7	7	8	5	8	10	9	5	301
8	8	8	8	7	7	9	9	9	9	8	7	8	8	8	9	9	7	8	7	9	7	7	7	8	7	7	7	7	5	19
7	9	5	5	98	98	8	8	8	8	7	7	7	8	10	98	10	10	8	8	8	8	98	98	8	10	98	6	8	5	192
8	8	9	7	9	98	9	9	9	8	8	8	8	7	8	8	9	98	7	8	7	7	7	7	7	7	7	7	7	5	369
8	8	6	8	8	8	9	9	9	8	8	8	8	98	7	7	8	7	7	7	8	6	8	9	8	5	7	7	7	5	169
8	10	7	7	6	6	8	8	10	8	8	8	7	98	7	7	7	7	8	7	9	6	6	6	98	7	7	7	7	5	321
9	8	8	8	8	98	7	9	9	8	8	9	98	7	9	7	7	7	10	8	8	98	8	7	8	7	8	9	6	5	146
8	8	7	8	8	8	10	10	10	8	8	98	9	6	9	9	10	8	9	8	10	7	8	7	98	5	8	8	7	5	188
8	9	8	8	7	7	8	10	10	8	8	9	8	8	8	9	9	9	7	8	9	7	8	8	8	8	8	8	7	5	176
7	7	7	7	7	4	7	8	8	8	8	9	9	8	8	98	8	98	7	8	8	7	5	5	8	8	8	8	8	5	366
9	10	8	10	9	98	10	10	10	8	10	98	9	8	8	10	10	8	9	8	10	98	8	8	9	10	8	9	6	5	296
8	8	7	8	6	5	7	7	8	8	7	6	7	6	6	7	8	7	7	7	8	7	7	7	7	7	8	8	7	5	126
9	8	8	8	98	8	8	8	8	8	8	98	8	8	8	8	8	8	8	8	8	98	98	98	98	8	8	8	5	5	261
8	8	8	9	7	7	7	8	7	8	7	7	7	7	7	7	8	7	7	6	8	7	7	7	7	7	7	6	6	5	434
7	7	7	8	5	7	8	8	8	8	7	8	7	7	6	8	6	7	7	8	8	8	5	5	6	10	8	8	7	5	72
8	8	7	9	5	5	9	8	8	8	9	8	9	7	7	8	8	9	9	8	8	6	6	6	7	7	7	7	6	5	364
7	7	8	7	7	6	9	8	8	8	8	8	7	7	8	8	8	9	8	9	8	7	7	7	7	8	8	7	7	5	382
8	7	6	6	7	5	7	8	8	7	9	8	7	6	8	7	8	7	7	7	8	6	7	7	8	9	8	8	7	5	399
8	7	7	7	7	7	8	8	8	7	8	7	7	7	6	7	8	98	7	7	8	7	7	7	7	7	7	7	7	5	367
8	8	98	7	7	98	8	10	10	7	8	7	7	7	7	7	7	7	7	7	8	7	98	7	98	6	7	6	7	5	41
8	8	8	7	6	4	10	10	10	7	8	7	8	7	8	6	6	7	7	6	7	5	6	7	7	1	7	7	7	5	145
8	8	8	7	98	98	10	10	10	7	8	8	8	8	7	8	8	98	7	7	8	7	6	6	98	10	8	8	7	5	409
7	7	98	7	5	98	9	8	9	7	7	9	8	8	7	7	7	9	8	8	9	8	5	5	5	5	7	7	7	5	45
8	10	10	10	8	8	10	10	10	8	10	8	8	8	7	7	10	5	9	8	9	9	8	8	5	5	5	5	5	5	162
8	7	7	5	98	98	8	8	8	8	8	98	98	7	10	6	9	98	7	9	9	98	6	6	6	7	7	7	5	5	210
7	7	98	8	8	8	8	8	8	7	7	9	8	8	8	7	9	8	9	7	9	6	7	5	98	7	8	6	6	5	424
7	8	7	7	5	3	7	9	8	6	7	9	5	98	6	7	7	8	8	5	9	6	6	7	6	8	8	8	7	5	257
7	8	8	6	7	5	7	7	9	7	7	7	6	7	8	7	9	98	7	5	7	5	5	5	6	5	7	7	6	5	213
8	5	5	5	5	5	7	7	7	7	6	5	6	6	7	7	7	5	7	5	7	3	5	5	5	5	5	5	5	5	9
7	6	7	7	5	5	7	7	7	7	6	5	6	6	7	8	8	6	6	6	7	6	7	7	7	7	6	6	6	5	403
7	8	6	8	7	6	9	8	8	7	8	8	7	7	8	8	7	7	8	7	8	6	6	6	5	5	7	6	5	5	407
7	7	98	7	6	98	9	9	9	5	8	7	5	7	6	7	7	8	6	4	7	4	98	98	98	7	98	7	6	5	375
7	7	98	6	5	5	6	7	7	4	6	98	98	98	7	5	6	6	7	7	8	5	3	5	5	2	4	4	4	5	305
6	7	5	6	4	3	7	7	7	4	5	5	5	8	7	7	6	5	6	6	8	4	4	5	98	7	6	6	5	5	268
5	7	5	5	8	98	9	9	9	5	8	8	9	8	8	8	5	9	6	5	8	6	8	8	8	8	7	7	5	5	140
6	7	5	7	5	2	4	6	3	4	4	4	6	5	5	7	6	3	7	5	8	6	4	4	4	4	3	3	3	5	48
8	5	5	5	5	5	10	10	10	5	8	8	8	98	5	3	8	98	2	4	5	4	5	5	98	6	5	5	7	6	95
7	98	5	5	3	98	8	8	8	5	6	6	5	98	5	6	5	5	7	7	6	3	5	5	5	3	5	5	5	6	124
6	7	8	5	5	98	9	10	9	6	5	98	8	98	4	5	8	98	9	98	6	5	6	6	98	5	5	4	6	6	350
7	7	5	7	5	5	8	5	7	7	7	98	7	5	7	7	7	5	7	7	7	5	4	4	98	8	98	1	5	6	241
10	10	5	10	10	98	10	10	10	10	10	10	10	10	10	10	10	10	10	10	10	10	10	10	9	10	10	10	10	6	347
9	10	10	10	10	10	10	10	10	10	10	10	10	10	10	10	10	10	10	10	10	10	10	10	10	10	10	10	10	6	418
9	10	10	10	10	10	10	10	10	10	10	10	10	10	10	10	10	10	10	10	10	10	8	9	9	10	10	10	10	6	139
9	10	9	10	10	8	10	10	10	10	10	10	10	10	10	10	10	10	10	10	10	10	9	10	10	10	10	10	10	6	156
9	10	10	10	10	98	10	10	10	10	10	98	10	10	10	10	10	98	9	10	10	10	10	10	98	10	10	10	10	6	315
9	10	10	10	10	10	10	10	10	10	10	98	10	10	10	10	10	10	10	10	10	10	10	98	10	10	10	10	10	6	29
9	10	10	10	10	10	10	10	10	10	10	10	10	10	10	10	10	10	10	10	10	10	10	10	10	10	10	10	10	6	158
9	10	10	10	10	98	10	10	10	10	10	10	10	10	10	10	10	10	10	10	10	8	8	10	8	10	10	10	9	6	137
1	10	98	10	8	7	10	10	10	10	8	8	8	8	8	8	9	8	10	10	10	8	7	7	98	10	10	10	8	6	142
1	10	10	10	10	10	10	10	10	8	10	10	10	10	10	10	10	10	10	8	10	10	8	8	10	10	10	10	10	6	281
10	10	9	10	98	98	8	9	9	9	8	9	9	98	9	10	10	8	10	10	10	7	10	10	98	10	9	10	9	6	406
9	9	98	9	7	98	10	9	9	9	9	7	9	9	9	10	10	98	10	8	10	7	9	9	8	10	10	9	9	6	76
9	10	7	5	5	5	8	9	9	9	9	8	10	9	9	10	9	9	10	8	10	5	7	8	7	9	10	10	9	6	159
9	10	10	10	10	98	10	10	10	9	10	98	10	98	8	8	10	10	10	7	10	7	8	8	10	10	10	10	9	6	112
10	10	10	10	10	7	8	9	9	9	10	10	10	10	10	10	10	10	10	9	10	10	9	9	9	10	10	10	8	6	33
8	10	8	9	8	98	10	10	10	9	9	5	5	5	5	5	5	5	9	9	10	8	8	8	8	10	10	10	10	6	317
9	9	9	9	7	9	1	9	9	9	8	8	8	8	8	9	9	98	9	9	10	6	7	8	6	8	8	8	8	6	11
9	9	9	9	8	6	9	9	10	9	9	8	9	9	9	9	10	8	9	9	10	8	8	8	8	9	9	9	8	6	62
8	8	98	8	8	98	9	9	10	10	9	98	9	8	10	10	10	9	9	10	10	9	8	8	98	1	8	8	8	6	163
9	10	8	8	5	5	8	9	7	8	8	7	9	7	6	8	8	7	6	7	8	5	6	7	98	9	9	8	9	6	405
7	8	8	8	8	98	8	8	8	8	8	98	8	8	8	98	8	98	10	10	10	10	8	8	98	10	8	10	8	6	172
7	10	98	10	10	98	10	10	10	8	10	10	8	8	10	10	10	10	10	8	10	10	98	98	98	10	10	10	10	6	129
7	10	8	10	6	98	10	10	10	9	8	10	9	9	8	10	9	98	8	8	10	8	8	8	98	10	10	10	9	6	123
7	9	98	9	9	9	10	10	10	9	10	9	9	9	9	9	9	9	9	8	8	9	8	8	98	10	10	10	8	6	332
7	10	9	10	10	98	10	10	10	10	10	10	10	10	10	10	10	10	10	10	10	10	5	5	4	7	8	9	5	6	154
7	10	5	10	98	98	10	10	10	10	10	10	10	10	10	10	10	98	10	10	10	98	10	10	5	10	8	10	5	6	102
7	9	7	8	7	98	8	8	8	8	8	6	7	7	7	7	7	9	8	6	8	6	6	7	6	8	9	9	8	6	326
7	8	98	7	6	5	10	10	10	10	9	98	7	6	6	5	9	98	8	6	8	4	4	5	98	2	7	7	7	6	306
7	8	98	8	7	98	9	9	9	9	8	8	5	9	8	8	9	98	8	8	8	6	8	8	5	8	8	8	8	6	453
7	8	7	8	7	7	9	9	9	9	8	9	8	8	8	9	8	8	9	8	9	8	7	8	98	8	8	9	8	6	351
7	10	7	10	8	7	10	10	10	7	10	10	10	8	8	7	9	10	7	8	10	4	6	7	4	10	10	10	7	6	335
8	10	8	10	5	7	9	9	10	9	10	7	10	8	8	9	10	98	7	8	8	8	5	6	6	7	9	9	6	6	260
8	9	5	5	3	5	5	5	5	10	10	8	10	5	8	9	8	98	8	8	8	3	3	3	3	4	5	5	5	6	345
7	7	7	8	7	7	9	10	9	8	8	8	6	8	7	8	7	8	9	8	10	7	7	7	8	8	8	9	7	6	316
8	10	8	9	7	5	9	9	7	6	10	8	8	9	9	8	10	9	10	8	10	8	7	7	10	9	10	10	8	6	217
8	8	8	8	5	98	98	10	10	7	7	5	7	5	6	8	7	5	7	5	7	5	6	5	6	10	8	8	7	6	445
8	10	7	7	5	5	6	6	7	7	8	6	5	7	6	5	8	7	9	4	8	3	5	6	6	6	8	7	7	6	190
8	10	10	10	98	98	9	10	10	5	8	7	8	98	10	10	8	8	10	8	10	8	8	8	10	10	8	8	8	6	178
8	8	9	9	98	98	8	8	8	8	9	9	9	8	9	9	9	98	10	7	10	7	8	8	98	5	9	10	5	6	114
7	8	98	8	5	98	8	10	10	7	7	7	7	6	3	6	7	98	7	7	8	7	6	6	98	3	8	6	6	6	299
8	8	8	8	7	5	9	9	9	5	8	8	7	8	7	8	8	98	8	8	8	7	7	7	7	8	8	8	6	6	64
7	7	98	7	6	98	5	9	7	5	7	7	98	98	7	7	7	98	8	8	8	8	5	5	98	7	5	6	5	6	402
8	5	5	5	5	5	10	10	10	5	8	8	8	98	5	3	8	98	2	4	5	4	5	5	98	6	5	5	7	6	95
7	98	5	5	3	98	8	8	8	5	6	6	5	98	5	6	5	5	7	7	6	3	5	5	5	3	5	5	5	6	124
6	7	8	5	5	98	9	10	9	6	5	98	8	98	4	5	8	98	9	98	6	5	6	6	98	5	5	4	6	6	350
7	7	5	7	5	5	8	5	7	7	7	98	7	5	7	7	7	5	7	7	7	5	4	4	98	8	98	1	5	6	241
10	10	5	10	10	98	10	10	10	10	10	10	10	10	10	10	10	10	10	10	10	10	10	10	9	10	10	10	10	6	347
9	10	10	10	10	10	10	10	10	10	10	10	10	10	10	10	10	10	10	10	10	10	10	10	10	10	10	10	10	6	418
9	10	10	10	10	10	10	10	10	10	10	10	10	10	10	10	10	10	10	10	10	10	8	9	9	10	10	10	10	6	139
9	10	9	10	10	8	10	10	10	10	10	10	10	10	10	10	10	10	10	10	10	10	9	10	10	10	10	10	10	6	156
9	10	10	10	10	98	10	10	10	10	10	98	10	10	10	10	10	98	9	10	10	10	10	10	98	10	10	10	10	6	315
9	10	10	10	10	10	10	10	10	10	10	98	10	10	10	10	10	10	10	10	10	10	10	98	10	10	10	10	10	6	29
9	10	10	10	10	10	10	10	10	10	10	10	10	10	10	10	10	10	10	10	10	10	10	10	10	10	10	10	10	6	158
9	10	10	10	10	98	10	10	10	10	10	10	10	10	10	10	10	10	10	10	10	8	8	10	8	10	10	10	9	6	137
1	10	98	10	8	7	10	10	10	10	8	8	8	8	8	8	9	8	10	10	10	8	7	7	98	10	10	10	8	6	142
1	10	10	10	10	10	10	10	10	8	10	10	10	10	10	10	10	10	10	8	10	10	8	8	10	10	10	10	10	6	281
10	10	9	10	98	98	8	9	9	9	8	9	9	98	9	10	10	8	10	10	10	7	10	10	98	10	9	10	9	6	406
9	9	98	9	7	98	10	9	9	9	9	7	9	9	9	10	10	98	10	8	10	7	9	9	8	10	10	9	9	6	76
9	10	7	5	5	5	8	9	9	9	9	8	10	9	9	10	9	9	10	8	10	5	7	8	7	9	10	10	9	6	159
9	10	10	10	10	98	10	10	10	9	10	98	10	98	8	8	10	10	10	7	10	7	8	8	10	10	10	10	9	6	112
10	10	10	10	10	7	8	9	9	9	10	10	10	10	10	10	10	10	10	9	10	10	9	9	9	10	10	10	8	6	33
8	10	8	9	8	98	10	10	10	9	9	5	5	5	5	5	5	5	9	9	10	8	8	8	8	10	10	10	10	6	317
9	9	9	9	7	9	1	9	9	9	8	8	8	8	8	9	9	98	9	9	10	6	7	8	6	8	8	8	8	6	11
9	9	9	9	8	6	9	9	10	9	9	8	9	9	9	9	10	8	9	9	10	8	8	8	8	9	9	9	8	6	62
8	8	98	8	8	98	9	9	10	10	9	98	9	8	10	10	10	9	9	10	10	9	8	8	98	1	8	8	8	6	163
9	10	8	8	5	5	8	9	7	8	8	7	9	7	6	8	8	7	6	7	8	5	6	7	98	9	9	8	9	6	405
7	8	8	8	8	98	8	8	8	8	8	98	8	8	8	98	8	98	10	10	10	10	8	8	98	10	8	10	8	6	172
7	10	98	10	10	98	10	10	10	8	10	10	8	8	10	10	10	10	10	8	10	10	98	98	98	10	10	10	10	6	129
7	10	8	10	6	98	10	10	10	9	8	10	9	9	8	10	9	98	8	8	10	8	8	8	98	10	10	10	9	6	123
7	9	98	9	9	9	10	10	10	9	10	9	9	9	9	9	9	9	9	8	8	9	8	8	98	10	10	10	8	6	332
7	10	9	10	10	98	10	10	10	10	10	10	10	10	10	10	10	10	10	10	10	10	5	5	4	7	8	9	5	6	154
7	10	5	10	98	98	10	10	10	10	10	10	10	10	10	10	10	98	10	10	10	98	10	10	5	10	8	10	5	6	102
7	9	7	8	7	98	8	8	8	8	8	6	7	7	7	7	7	9	8	6	8	6	6	7	6	8	9	9	8	6	326
7	8	98	7	6	5	10	10	10	10	9	98	7	6	6	5	9	98	8	6	8	4	4	5	98	2	7	7	7	6	306
7	8	98	8	7	98	9	9	9	9	8	8	5	9	8	8	9	98	8	8	8	6	8	8	5	8	8	8	8	6	453
7	8	7	8	7	7	9	9	9	9	8	9	8	8	8	9	8	8	9	8	9	8	7	8	98	8	8	9	8	6	351
7	10	7	10	8	7	10	10	10	7	10	10	10	8	8	7	9	10	7	8	10	4	6	7	4	10	10	10	7	6	335
8	10	8	10	5	7	9	9	10	9	10	7	10	8	8	9	10	98	7	8	8	8	5	6	6	7	9	9	6	6	260
8	9	5	5	3	5	5	5	5	10	10	8	10	5	8	9	8	98	8	8	8	3	3	3	3	4	5	5	5	6	345
7	7	7	8	7	7	9	10	9	8	8	8	6	8	7	8	7	8	9	8	10	7	7	7	8	8	8	9	7	6	316
8	10	8	9	7	5	9	9	7	6	10	8	8	9	9	8	10	9	10	8	10	8	7	7	10	9	10	10	8	6	217
8	8	8	8	5	98	98	10	10	7	7	5	7	5	6	8	7	5	7	5	7	5	6	5	6	10	8	8	7	6	445
8	10	7	7	5	5	6	6	7	7	8	6	5	7	6	5	8	7	9	4	8	3	5	6	6	6	8	7	7	6	190
8	10	10	10	98	98	9	10	10	5	8	7	8	98	10	10	8	8	10	8	10	8	8	8	10	10	8	8	8	6	178
8	8	9	9	98	98	8	8	8	8	9	9	9	8	9	9	9	98	10	7	10	7	8	8	98	5	9	10	5	6	114
7	8	98	8	5	98	8	10	10	7	7	7	7	6	3	6	7	98	7	7	8	7	6	6	98	3	8	6	6	6	299
8	8	8	8	7	5	9	9	9	5	8	8	7	8	7	8	8	98	8	8	8	7	7	7	7	8	8	8	6	6	64
7	7	98	7	6	98	5	9	7	5	7	7	98	98	7	7	7	98	8	8	8	8	5	5	98	7	5	6	5	6	402
5	7	98	5	5	5	6	4	5	4	5	98	5	5	4	6	6	98	6	4	6	4	5	5	98	4	5	5	5	7	353
5	6	6	5	5	5	9	9	9	4	6	6	4	98	4	5	4	5	4	4	6	5	4	4	6	3	5	5	4	7	168
10	10	10	10	8	98	10	10	10	10	10	10	10	10	10	10	10	98	10	10	10	10	8	8	10	10	10	10	10	7	187
10	10	10	10	10	10	10	10	10	10	10	10	10	10	10	10	10	10	6	8	8	10	7	8	10	10	8	7	10	7	243
10	10	10	10	10	98	10	10	10	10	10	10	10	10	10	10	10	10	10	10	10	10	10	10	10	10	10	10	10	7	125
10	10	10	10	98	98	10	10	98	10	10	98	10	10	10	10	10	98	10	8	10	98	10	10	10	10	10	10	9	7	396
10	10	10	10	9	98	10	10	10	9	10	9	10	10	10	9	9	9	9	10	10	10	8	8	98	9	10	10	10	7	431
10	9	8	10	8	98	10	10	10	10	10	10	9	9	10	10	10	10	8	8	10	8	8	8	8	10	10	10	9	7	166
10	10	10	10	9	98	10	10	10	10	10	10	10	10	10	10	10	10	10	10	10	98	10	10	98	10	10	10	10	7	191
10	10	10	10	10	10	10	10	10	10	10	10	10	10	10	10	10	10	10	10	10	10	10	10	10	10	10	10	10	7	43
9	10	5	9	8	5	10	10	10	10	9	10	10	10	10	10	10	9	10	10	10	5	7	6	5	9	8	8	10	7	235
10	10	8	10	8	6	8	9	9	9	9	9	9	7	9	8	8	9	9	9	9	9	8	8	8	5	9	9	9	7	303
9	9	9	9	98	98	9	9	9	9	8	9	9	8	10	10	10	98	10	8	10	8	98	98	9	9	98	9	9	7	222
9	10	8	8	6	5	8	10	10	10	9	8	8	9	9	8	8	7	7	7	8	7	7	7	7	7	8	8	8	7	324
9	9	9	9	9	8	9	9	9	10	10	9	8	9	9	9	9	10	10	10	10	8	8	8	9	8	9	10	8	7	118
8	9	8	9	8	7	8	9	9	10	9	8	9	9	9	8	9	8	8	8	10	8	8	8	7	9	10	10	9	7	338
9	9	8	10	8	98	10	10	10	9	9	10	9	8	9	10	9	9	9	8	10	7	9	8	8	6	10	10	9	7	110
9	10	9	9	98	98	9	9	9	9	9	98	9	9	9	9	9	9	9	9	9	9	9	9	9	9	9	9	8	7	233
9	9	9	8	8	98	8	10	10	8	9	9	9	9	9	8	9	9	8	8	10	6	9	9	9	10	10	10	9	7	79
10	8	9	9	98	98	10	9	9	8	8	8	8	8	9	8	8	9	8	8	10	8	7	8	7	10	9	9	8	7	410
8	8	8	8	8	98	8	8	10	9	9	9	9	9	9	9	7	9	9	9	8	8	8	7	98	9	9	9	9	7	373
8	8	9	6	5	98	10	8	10	9	10	98	98	98	7	9	9	98	8	4	10	3	9	9	98	8	9	9	9	7	35
8	9	8	9	7	8	10	10	8	9	10	10	10	10	10	8	10	10	10	8	10	7	8	6	8	8	8	8	8	7	20
9	8	8	8	7	5	9	9	9	8	8	9	8	9	9	9	9	98	8	7	9	8	7	7	8	8	8	8	8	7	264
8	9	9	9	9	8	7	8	8	9	9	8	9	8	8	8	8	8	8	9	10	10	8	8	9	10	9	9	8	7	329
9	9	9	9	7	8	10	10	10	8	8	8	9	8	8	7	8	9	8	7	9	6	7	8	98	6	98	9	8	7	92
9	10	8	8	6	7	10	10	10	8	8	8	7	6	6	8	8	10	8	8	10	8	8	8	8	5	8	10	8	7	17
9	8	8	8	9	9	7	8	8	9	8	7	8	8	8	9	9	7	10	9	10	8	7	7	7	8	8	7	7	7	419
8	98	98	9	6	98	10	10	10	9	9	98	7	5	7	9	10	98	10	5	10	6	9	5	98	5	8	8	8	7	237
9	9	98	8	9	98	10	9	9	8	8	8	8	8	8	9	9	98	9	9	9	8	8	8	7	8	8	8	8	7	385
8	8	9	9	10	98	10	10	10	8	9	9	9	9	7	9	10	9	10	9	9	9	8	98	8	9	9	9	9	7	13
9	8	5	7	2	3	10	10	10	8	9	8	98	98	8	8	9	10	8	8	9	4	3	3	8	5	7	7	8	7	300
8	8	5	8	7	98	9	9	9	9	9	7	8	8	8	9	9	8	7	7	9	9	8	7	5	7	8	8	8	7	207
9	10	8	8	8	98	10	10	10	8	8	10	8	7	8	7	7	10	8	8	10	7	8	8	8	10	8	8	8	7	412
8	8	5	8	5	98	10	8	9	8	8	8	8	8	7	7	8	7	9	9	10	6	7	7	98	9	9	9	8	7	130
8	10	8	8	10	10	8	8	6	8	10	10	7	8	8	8	7	10	10	8	8	6	8	6	8	10	10	8	8	7	58
8	8	5	8	7	98	8	8	8	8	7	8	8	7	7	8	8	7	7	8	8	7	6	6	7	8	10	8	8	7	204
8	8	6	7	6	7	7	7	8	8	8	7	8	8	8	9	8	8	9	8	9	8	6	6	7	9	8	8	8	7	318
9	8	8	9	8	6	8	9	8	7	8	8	8	9	8	7	8	8	7	6	9	6	7	7	6	10	7	8	8	7	195
8	7	5	8	8	6	9	9	9	8	7	8	8	7	8	8	7	5	8	7	9	8	5	5	5	7	9	8	8	7	135
7	8	8	8	98	98	9	9	9	8	8	98	8	8	8	7	8	9	8	8	8	8	7	7	7	5	8	8	9	7	26
8	8	7	8	8	6	8	8	8	8	8	8	8	8	8	8	8	98	8	5	8	5	8	8	5	8	7	7	8	7	101
9	9	98	9	8	5	8	9	8	8	8	7	9	7	7	7	9	9	7	8	10	8	9	8	98	7	8	8	7	7	266
8	8	8	9	7	98	8	10	10	8	8	8	8	98	8	7	8	7	8	9	10	8	98	6	8	8	8	10	8	7	84
8	8	98	8	8	98	10	10	10	8	8	8	7	98	8	8	8	7	9	7	9	7	7	8	7	8	8	5	7	7	283
8	9	8	7	8	6	8	9	9	8	8	8	9	8	7	7	8	9	9	7	8	7	6	6	7	7	8	8	7	7	376
8	10	10	10	98	98	7	8	8	8	7	8	9	8	9	9	9	98	9	10	9	5	8	8	8	7	8	8	7	7	276
8	8	9	8	8	8	7	8	8	7	8	8	8	9	8	8	7	8	8	7	9	7	7	7	8	5	7	7	8	7	78
8	8	10	8	10	9	10	10	10	7	7	7	7	8	8	6	7	10	9	7	10	7	7	6	7	6	8	8	8	7	83
8	8	7	8	5	6	9	9	9	8	8	8	7	98	7	8	7	9	8	7	8	6	5	5	5	5	7	6	7	7	256
8	7	7	7	7	6	9	9	9	8	8	8	7	7	7	7	7	7	6	7	7	7	7	6	6	7	8	7	7	7	292
9	9	9	9	8	98	8	10	10	7	7	9	7	98	10	10	10	9	8	8	10	7	9	9	98	8	8	9	7	7	150
8	10	98	9	9	98	10	10	10	7	8	98	8	98	10	10	10	10	10	10	10	9	7	7	98	9	98	7	8	7	52
8	8	8	8	6	5	8	9	9	8	7	7	7	6	6	8	8	8	9	7	9	5	7	7	8	8	7	7	6	7	117
7	7	8	8	8	7	9	9	9	7	7	9	8	98	7	7	8	9	9	7	9	7	7	8	8	8	98	8	8	7	246
7	7	7	7	7	98	7	10	8	8	8	98	7	8	9	6	8	98	8	98	9	98	5	6	98	7	7	7	7	7	404
8	10	10	10	7	7	9	10	10	7	10	8	9	10	9	10	10	10	10	8	10	10	9	10	10	10	10	10	7	7	340
7	7	98	7	6	98	9	8	8	8	7	7	6	7	8	7	7	7	7	6	8	6	10	10	98	6	7	7	7	7	449
9	9	7	8	6	98	8	10	10	5	8	8	7	98	6	7	8	9	9	8	10	8	7	8	8	10	9	10	8	7	414
8	8	98	7	7	98	8	10	8	8	7	98	8	7	8	8	8	9	9	8	8	7	7	7	7	7	8	7	6	7	323
7	6	5	6	6	6	8	7	10	8	5	5	5	6	5	6	7	7	5	5	7	5	7	6	5	7	5	7	6	7	32
7	7	7	7	7	7	8	8	8	7	7	7	8	8	8	7	8	7	7	7	9	7	7	7	7	7	8	8	7	7	427
7	8	9	7	7	98	10	10	10	7	8	8	7	6	8	7	7	8	9	8	9	6	7	7	7	7	7	7	7	7	181
7	8	6	8	5	98	8	10	10	7	8	98	8	9	9	8	8	8	7	7	10	8	7	5	7	7	8	7	7	7	70
8	10	5	7	4	5	7	7	7	7	9	9	9	9	6	8	8	8	7	7	9	5	5	5	5	7	7	7	6	7	165
8	9	9	9	9	98	7	8	9	6	7	8	9	6	6	7	7	7	6	6	8	6	7	7	5	8	7	7	7	7	59
8	8	9	7	7	7	10	10	10	6	7	7	9	9	8	6	8	8	6	6	10	8	7	8	8	7	8	8	7	7	439
7	7	10	8	5	5	8	7	8	8	7	98	7	8	7	5	98	8	7	98	8	98	7	98	8	5	98	7	6	7	275
7	6	7	7	6	6	8	9	9	8	8	7	8	7	7	7	7	8	7	7	8	7	6	6	6	4	5	5	5	7	189
7	7	7	7	5	9	98	9	9	5	5	8	6	7	6	7	5	8	5	7	9	5	7	7	8	10	7	9	8	7	425
8	7	98	7	6	98	7	7	8	7	7	7	98	98	7	7	8	8	7	98	8	5	7	7	7	7	7	7	5	7	184
8	8	7	98	5	98	7	7	7	5	5	98	8	98	98	8	7	7	8	8	8	98	7	7	7	8	7	7	7	7	25
7	7	5	8	6	5	7	10	9	7	6	5	8	4	8	5	7	6	6	5	9	8	4	4	7	7	5	7	5	7	259
6	7	8	6	8	8	5	4	8	6	8	8	8	7	3	1	8	8	3	2	7	5	5	5	6	7	8	8	7	7	253
7	7	98	7	98	98	8	8	8	5	7	8	7	5	5	5	8	8	8	7	8	6	6	6	98	5	7	5	6	7	452
6	6	8	9	5	98	10	10	10	6	6	5	6	98	4	8	7	98	8	8	8	4	4	3	4	8	5	5	5	7	88
6	5	4	6	7	98	6	4	4	5	8	8	6	7	8	5	8	8	4	5	8	7	7	7	6	10	8	8	5	7	1
4	4	4	5	5	98	9	9	9	4	5	7	5	4	4	2	7	7	4	4	4	4	3	5	5	9	4	7	5	7	44
5	4	5	3	7	98	7	7	8	4	98	98	4	5	5	2	98	8	4	2	5	2	1	1	3	1	98	2	2	7	6
3	2	5	3	5	5	5	5	5	3	10	10	10	98	5	5	10	10	2	1	5	1	1	1	98	1	10	1	1	7	4
5	7	98	5	5	5	6	4	5	4	5	98	5	5	4	6	6	98	6	4	6	4	5	5	98	4	5	5	5	7	353
5	6	6	5	5	5	9	9	9	4	6	6	4	98	4	5	4	5	4	4	6	5	4	4	6	3	5	5	4	7	168
10	10	10	10	8	98	10	10	10	10	10	10	10	10	10	10	10	98	10	10	10	10	8	8	10	10	10	10	10	7	187
10	10	10	10	10	10	10	10	10	10	10	10	10	10	10	10	10	10	6	8	8	10	7	8	10	10	8	7	10	7	243
10	10	10	10	10	98	10	10	10	10	10	10	10	10	10	10	10	10	10	10	10	10	10	10	10	10	10	10	10	7	125
10	10	10	10	98	98	10	10	98	10	10	98	10	10	10	10	10	98	10	8	10	98	10	10	10	10	10	10	9	7	396
10	10	10	10	9	98	10	10	10	9	10	9	10	10	10	9	9	9	9	10	10	10	8	8	98	9	10	10	10	7	431
10	9	8	10	8	98	10	10	10	10	10	10	9	9	10	10	10	10	8	8	10	8	8	8	8	10	10	10	9	7	166
10	10	10	10	9	98	10	10	10	10	10	10	10	10	10	10	10	10	10	10	10	98	10	10	98	10	10	10	10	7	191
10	10	10	10	10	10	10	10	10	10	10	10	10	10	10	10	10	10	10	10	10	10	10	10	10	10	10	10	10	7	43
9	10	5	9	8	5	10	10	10	10	9	10	10	10	10	10	10	9	10	10	10	5	7	6	5	9	8	8	10	7	235
10	10	8	10	8	6	8	9	9	9	9	9	9	7	9	8	8	9	9	9	9	9	8	8	8	5	9	9	9	7	303
9	9	9	9	98	98	9	9	9	9	8	9	9	8	10	10	10	98	10	8	10	8	98	98	9	9	98	9	9	7	222
9	10	8	8	6	5	8	10	10	10	9	8	8	9	9	8	8	7	7	7	8	7	7	7	7	7	8	8	8	7	324
9	9	9	9	9	8	9	9	9	10	10	9	8	9	9	9	9	10	10	10	10	8	8	8	9	8	9	10	8	7	118
8	9	8	9	8	7	8	9	9	10	9	8	9	9	9	8	9	8	8	8	10	8	8	8	7	9	10	10	9	7	338
9	9	8	10	8	98	10	10	10	9	9	10	9	8	9	10	9	9	9	8	10	7	9	8	8	6	10	10	9	7	110
9	10	9	9	98	98	9	9	9	9	9	98	9	9	9	9	9	9	9	9	9	9	9	9	9	9	9	9	8	7	233
9	9	9	8	8	98	8	10	10	8	9	9	9	9	9	8	9	9	8	8	10	6	9	9	9	10	10	10	9	7	79
10	8	9	9	98	98	10	9	9	8	8	8	8	8	9	8	8	9	8	8	10	8	7	8	7	10	9	9	8	7	410
8	8	8	8	8	98	8	8	10	9	9	9	9	9	9	9	7	9	9	9	8	8	8	7	98	9	9	9	9	7	373
8	8	9	6	5	98	10	8	10	9	10	98	98	98	7	9	9	98	8	4	10	3	9	9	98	8	9	9	9	7	35
8	9	8	9	7	8	10	10	8	9	10	10	10	10	10	8	10	10	10	8	10	7	8	6	8	8	8	8	8	7	20
9	8	8	8	7	5	9	9	9	8	8	9	8	9	9	9	9	98	8	7	9	8	7	7	8	8	8	8	8	7	264
8	9	9	9	9	8	7	8	8	9	9	8	9	8	8	8	8	8	8	9	10	10	8	8	9	10	9	9	8	7	329
9	9	9	9	7	8	10	10	10	8	8	8	9	8	8	7	8	9	8	7	9	6	7	8	98	6	98	9	8	7	92
9	10	8	8	6	7	10	10	10	8	8	8	7	6	6	8	8	10	8	8	10	8	8	8	8	5	8	10	8	7	17
9	8	8	8	9	9	7	8	8	9	8	7	8	8	8	9	9	7	10	9	10	8	7	7	7	8	8	7	7	7	419
8	98	98	9	6	98	10	10	10	9	9	98	7	5	7	9	10	98	10	5	10	6	9	5	98	5	8	8	8	7	237
9	9	98	8	9	98	10	9	9	8	8	8	8	8	8	9	9	98	9	9	9	8	8	8	7	8	8	8	8	7	385
8	8	9	9	10	98	10	10	10	8	9	9	9	9	7	9	10	9	10	9	9	9	8	98	8	9	9	9	9	7	13
9	8	5	7	2	3	10	10	10	8	9	8	98	98	8	8	9	10	8	8	9	4	3	3	8	5	7	7	8	7	300
8	8	5	8	7	98	9	9	9	9	9	7	8	8	8	9	9	8	7	7	9	9	8	7	5	7	8	8	8	7	207
9	10	8	8	8	98	10	10	10	8	8	10	8	7	8	7	7	10	8	8	10	7	8	8	8	10	8	8	8	7	412
8	8	5	8	5	98	10	8	9	8	8	8	8	8	7	7	8	7	9	9	10	6	7	7	98	9	9	9	8	7	130
8	10	8	8	10	10	8	8	6	8	10	10	7	8	8	8	7	10	10	8	8	6	8	6	8	10	10	8	8	7	58
8	8	5	8	7	98	8	8	8	8	7	8	8	7	7	8	8	7	7	8	8	7	6	6	7	8	10	8	8	7	204
8	8	6	7	6	7	7	7	8	8	8	7	8	8	8	9	8	8	9	8	9	8	6	6	7	9	8	8	8	7	318
9	8	8	9	8	6	8	9	8	7	8	8	8	9	8	7	8	8	7	6	9	6	7	7	6	10	7	8	8	7	195
8	7	5	8	8	6	9	9	9	8	7	8	8	7	8	8	7	5	8	7	9	8	5	5	5	7	9	8	8	7	135
7	8	8	8	98	98	9	9	9	8	8	98	8	8	8	7	8	9	8	8	8	8	7	7	7	5	8	8	9	7	26
8	8	7	8	8	6	8	8	8	8	8	8	8	8	8	8	8	98	8	5	8	5	8	8	5	8	7	7	8	7	101
9	9	98	9	8	5	8	9	8	8	8	7	9	7	7	7	9	9	7	8	10	8	9	8	98	7	8	8	7	7	266
8	8	8	9	7	98	8	10	10	8	8	8	8	98	8	7	8	7	8	9	10	8	98	6	8	8	8	10	8	7	84
8	8	98	8	8	98	10	10	10	8	8	8	7	98	8	8	8	7	9	7	9	7	7	8	7	8	8	5	7	7	283
8	9	8	7	8	6	8	9	9	8	8	8	9	8	7	7	8	9	9	7	8	7	6	6	7	7	8	8	7	7	376
8	10	10	10	98	98	7	8	8	8	7	8	9	8	9	9	9	98	9	10	9	5	8	8	8	7	8	8	7	7	276
8	8	9	8	8	8	7	8	8	7	8	8	8	9	8	8	7	8	8	7	9	7	7	7	8	5	7	7	8	7	78
8	8	10	8	10	9	10	10	10	7	7	7	7	8	8	6	7	10	9	7	10	7	7	6	7	6	8	8	8	7	83
8	8	7	8	5	6	9	9	9	8	8	8	7	98	7	8	7	9	8	7	8	6	5	5	5	5	7	6	7	7	256
8	7	7	7	7	6	9	9	9	8	8	8	7	7	7	7	7	7	6	7	7	7	7	6	6	7	8	7	7	7	292
9	9	9	9	8	98	8	10	10	7	7	9	7	98	10	10	10	9	8	8	10	7	9	9	98	8	8	9	7	7	150
8	10	98	9	9	98	10	10	10	7	8	98	8	98	10	10	10	10	10	10	10	9	7	7	98	9	98	7	8	7	52
8	8	8	8	6	5	8	9	9	8	7	7	7	6	6	8	8	8	9	7	9	5	7	7	8	8	7	7	6	7	117
7	7	8	8	8	7	9	9	9	7	7	9	8	98	7	7	8	9	9	7	9	7	7	8	8	8	98	8	8	7	246
7	7	7	7	7	98	7	10	8	8	8	98	7	8	9	6	8	98	8	98	9	98	5	6	98	7	7	7	7	7	404
8	10	10	10	7	7	9	10	10	7	10	8	9	10	9	10	10	10	10	8	10	10	9	10	10	10	10	10	7	7	340
7	7	98	7	6	98	9	8	8	8	7	7	6	7	8	7	7	7	7	6	8	6	10	10	98	6	7	7	7	7	449
9	9	7	8	6	98	8	10	10	5	8	8	7	98	6	7	8	9	9	8	10	8	7	8	8	10	9	10	8	7	414
8	8	98	7	7	98	8	10	8	8	7	98	8	7	8	8	8	9	9	8	8	7	7	7	7	7	8	7	6	7	323
7	6	5	6	6	6	8	7	10	8	5	5	5	6	5	6	7	7	5	5	7	5	7	6	5	7	5	7	6	7	32
7	7	7	7	7	7	8	8	8	7	7	7	8	8	8	7	8	7	7	7	9	7	7	7	7	7	8	8	7	7	427
7	8	9	7	7	98	10	10	10	7	8	8	7	6	8	7	7	8	9	8	9	6	7	7	7	7	7	7	7	7	181
7	8	6	8	5	98	8	10	10	7	8	98	8	9	9	8	8	8	7	7	10	8	7	5	7	7	8	7	7	7	70
8	10	5	7	4	5	7	7	7	7	9	9	9	9	6	8	8	8	7	7	9	5	5	5	5	7	7	7	6	7	165
8	9	9	9	9	98	7	8	9	6	7	8	9	6	6	7	7	7	6	6	8	6	7	7	5	8	7	7	7	7	59
8	8	9	7	7	7	10	10	10	6	7	7	9	9	8	6	8	8	6	6	10	8	7	8	8	7	8	8	7	7	439
7	7	10	8	5	5	8	7	8	8	7	98	7	8	7	5	98	8	7	98	8	98	7	98	8	5	98	7	6	7	275
7	6	7	7	6	6	8	9	9	8	8	7	8	7	7	7	7	8	7	7	8	7	6	6	6	4	5	5	5	7	189
7	7	7	7	5	9	98	9	9	5	5	8	6	7	6	7	5	8	5	7	9	5	7	7	8	10	7	9	8	7	425
8	7	98	7	6	98	7	7	8	7	7	7	98	98	7	7	8	8	7	98	8	5	7	7	7	7	7	7	5	7	184
8	8	7	98	5	98	7	7	7	5	5	98	8	98	98	8	7	7	8	8	8	98	7	7	7	8	7	7	7	7	25
7	7	5	8	6	5	7	10	9	7	6	5	8	4	8	5	7	6	6	5	9	8	4	4	7	7	5	7	5	7	259
6	7	8	6	8	8	5	4	8	6	8	8	8	7	3	1	8	8	3	2	7	5	5	5	6	7	8	8	7	7	253
7	7	98	7	98	98	8	8	8	5	7	8	7	5	5	5	8	8	8	7	8	6	6	6	98	5	7	5	6	7	452
6	6	8	9	5	98	10	10	10	6	6	5	6	98	4	8	7	98	8	8	8	4	4	3	4	8	5	5	5	7	88
6	5	4	6	7	98	6	4	4	5	8	8	6	7	8	5	8	8	4	5	8	7	7	7	6	10	8	8	5	7	1
4	4	4	5	5	98	9	9	9	4	5	7	5	4	4	2	7	7	4	4	4	4	3	5	5	9	4	7	5	7	44
5	4	5	3	7	98	7	7	8	4	98	98	4	5	5	2	98	8	4	2	5	2	1	1	3	1	98	2	2	7	6
3	2	5	3	5	5	5	5	5	3	10	10	10	98	5	5	10	10	2	1	5	1	1	1	98	1	10	1	1	7	4
6	7	5	5	5	98	8	8	9	7	6	5	98	4	6	5	8	98	7	5	7	4	7	7	98	4	5	4	5	8	87
5	8	8	5	3	98	8	8	10	5	5	5	98	6	5	1	8	98	10	3	8	1	5	1	98	2	5	5	5	8	157
4	3	3	3	4	98	9	10	10	2	6	98	5	98	5	3	5	98	2	2	5	1	98	98	5	5	3	1	3	8	8
6	7	4	7	4	98	8	9	8	6	8	6	7	5	6	8	6	7	9	4	9	7	98	98	98	1	5	4	6	8	149
10	10	10	10	10	10	10	10	10	10	10	10	10	10	10	10	10	10	10	10	10	10	10	10	10	10	10	10	10	8	413
10	10	10	10	10	9	10	10	10	10	10	10	10	10	10	10	10	10	10	10	10	10	10	10	10	10	10	10	10	8	199
10	10	10	10	10	98	10	10	10	10	10	10	10	10	10	10	10	10	10	10	10	10	10	10	10	10	10	10	10	8	254
10	9	9	9	7	98	9	9	9	10	10	9	10	9	9	8	9	98	8	8	10	8	9	8	9	10	9	10	9	8	7
10	10	8	10	10	5	8	10	10	9	9	10	8	8	10	7	10	10	9	9	10	9	8	8	8	10	10	10	9	8	325
9	10	98	8	5	98	8	9	10	10	9	98	8	7	10	9	9	98	10	7	10	98	5	5	5	10	10	10	9	8	143
10	10	5	10	10	98	10	10	10	8	10	10	10	10	10	10	10	10	10	10	10	10	8	8	98	10	10	10	8	8	312
10	10	98	10	5	98	10	10	10	8	10	5	10	8	10	10	10	10	10	10	10	5	10	10	98	10	98	10	8	8	80
9	9	9	9	9	98	9	10	9	9	9	9	9	9	9	9	9	98	9	9	9	9	9	9	9	10	9	9	8	8	37
10	10	10	10	10	98	10	10	10	8	8	10	9	98	10	9	9	98	10	9	9	9	10	10	9	10	10	10	7	8	183
8	8	8	8	10	98	10	10	10	9	8	10	8	98	10	10	9	98	9	8	10	98	7	7	9	8	9	8	8	8	239
8	10	10	10	8	9	8	8	8	8	9	9	9	9	9	9	9	9	9	9	10	9	5	5	9	10	10	10	9	8	346
9	10	8	8	98	98	10	10	10	8	9	8	8	9	9	9	7	98	9	6	9	8	6	6	8	9	10	10	8	8	274
10	10	8	10	8	98	98	10	10	10	8	98	8	98	10	10	8	98	8	8	8	8	10	8	8	10	8	8	5	8	12
8	9	8	9	7	98	10	10	10	9	9	98	8	98	9	7	9	8	10	9	10	7	7	7	98	8	9	9	7	8	290
8	8	5	5	5	98	7	8	8	8	7	7	98	98	7	7	8	8	9	9	9	8	7	7	7	9	10	10	8	8	438
8	10	8	8	7	98	10	10	10	8	9	9	9	8	10	10	10	98	10	9	10	9	8	6	98	10	10	10	8	8	386
8	8	5	10	7	98	8	10	10	9	8	8	8	7	10	9	10	5	9	8	10	5	8	8	98	10	10	8	7	8	298
10	10	98	10	8	8	8	10	10	8	10	8	8	8	8	8	10	10	8	8	8	8	10	10	98	10	8	10	5	8	234
8	8	8	8	8	8	8	8	8	8	8	8	8	7	9	8	8	8	10	10	9	8	7	7	8	9	9	10	7	8	50
8	8	8	9	6	98	10	10	10	7	8	8	8	7	8	9	8	98	9	9	9	7	98	98	9	10	9	9	7	8	374
7	8	98	5	3	98	8	10	10	7	8	98	7	7	8	8	8	98	8	5	10	5	5	5	7	5	7	6	8	8	392
7	9	7	7	7	98	5	7	7	8	8	4	7	5	7	8	7	98	9	9	9	7	5	5	5	8	8	8	7	8	420
7	10	5	10	5	5	10	10	10	10	8	7	5	5	8	8	6	4	9	8	9	5	8	9	9	5	5	5	5	8	10
7	8	8	7	5	5	8	8	8	7	7	7	7	98	8	7	7	98	7	5	8	5	8	8	8	9	8	8	7	8	147
8	7	8	7	5	98	8	7	7	7	8	7	9	8	8	6	7	7	8	7	8	6	7	7	6	4	7	7	6	8	314
7	8	6	9	6	98	9	9	9	7	7	7	7	8	8	8	7	5	9	7	9	5	8	8	98	10	8	8	7	8	267
8	8	5	8	98	98	5	5	5	5	8	8	8	7	8	8	8	8	9	8	9	7	7	7	7	8	8	8	7	8	36
8	8	8	8	98	98	8	8	8	7	8	8	8	98	7	8	8	8	8	8	8	7	8	8	98	10	8	8	5	8	238
7	98	5	5	4	8	7	8	7	8	7	5	6	6	8	7	8	98	7	4	8	6	6	5	5	10	7	5	5	8	377
7	8	7	8	6	98	10	10	10	7	7	7	6	6	5	8	7	3	8	7	9	2	5	7	98	8	8	6	5	8	67
6	8	98	7	5	98	8	8	10	6	6	6	98	7	3	5	8	8	8	5	9	4	7	98	98	8	7	7	6	8	38
6	8	6	6	5	98	7	7	7	6	7	8	8	5	5	6	7	5	8	7	10	5	5	5	5	5	6	6	6	8	391
6	3	4	6	5	98	6	8	8	6	5	8	8	8	5	7	7	5	5	5	6	4	4	5	5	2	5	6	6	8	219
6	7	5	5	5	98	8	8	9	7	6	5	98	4	6	5	8	98	7	5	7	4	7	7	98	4	5	4	5	8	87
5	8	8	5	3	98	8	8	10	5	5	5	98	6	5	1	8	98	10	3	8	1	5	1	98	2	5	5	5	8	157
4	3	3	3	4	98	9	10	10	2	6	98	5	98	5	3	5	98	2	2	5	1	98	98	5	5	3	1	3	8	8
6	7	4	7	4	98	8	9	8	6	8	6	7	5	6	8	6	7	9	4	9	7	98	98	98	1	5	4	6	8	149
10	10	10	10	10	10	10	10	10	10	10	10	10	10	10	10	10	10	10	10	10	10	10	10	10	10	10	10	10	8	413
10	10	10	10	10	9	10	10	10	10	10	10	10	10	10	10	10	10	10	10	10	10	10	10	10	10	10	10	10	8	199
10	10	10	10	10	98	10	10	10	10	10	10	10	10	10	10	10	10	10	10	10	10	10	10	10	10	10	10	10	8	254
10	9	9	9	7	98	9	9	9	10	10	9	10	9	9	8	9	98	8	8	10	8	9	8	9	10	9	10	9	8	7
10	10	8	10	10	5	8	10	10	9	9	10	8	8	10	7	10	10	9	9	10	9	8	8	8	10	10	10	9	8	325
9	10	98	8	5	98	8	9	10	10	9	98	8	7	10	9	9	98	10	7	10	98	5	5	5	10	10	10	9	8	143
10	10	5	10	10	98	10	10	10	8	10	10	10	10	10	10	10	10	10	10	10	10	8	8	98	10	10	10	8	8	312
10	10	98	10	5	98	10	10	10	8	10	5	10	8	10	10	10	10	10	10	10	5	10	10	98	10	98	10	8	8	80
9	9	9	9	9	98	9	10	9	9	9	9	9	9	9	9	9	98	9	9	9	9	9	9	9	10	9	9	8	8	37
10	10	10	10	10	98	10	10	10	8	8	10	9	98	10	9	9	98	10	9	9	9	10	10	9	10	10	10	7	8	183
8	8	8	8	10	98	10	10	10	9	8	10	8	98	10	10	9	98	9	8	10	98	7	7	9	8	9	8	8	8	239
8	10	10	10	8	9	8	8	8	8	9	9	9	9	9	9	9	9	9	9	10	9	5	5	9	10	10	10	9	8	346
9	10	8	8	98	98	10	10	10	8	9	8	8	9	9	9	7	98	9	6	9	8	6	6	8	9	10	10	8	8	274
10	10	8	10	8	98	98	10	10	10	8	98	8	98	10	10	8	98	8	8	8	8	10	8	8	10	8	8	5	8	12
8	9	8	9	7	98	10	10	10	9	9	98	8	98	9	7	9	8	10	9	10	7	7	7	98	8	9	9	7	8	290
8	8	5	5	5	98	7	8	8	8	7	7	98	98	7	7	8	8	9	9	9	8	7	7	7	9	10	10	8	8	438
8	10	8	8	7	98	10	10	10	8	9	9	9	8	10	10	10	98	10	9	10	9	8	6	98	10	10	10	8	8	386
8	8	5	10	7	98	8	10	10	9	8	8	8	7	10	9	10	5	9	8	10	5	8	8	98	10	10	8	7	8	298
10	10	98	10	8	8	8	10	10	8	10	8	8	8	8	8	10	10	8	8	8	8	10	10	98	10	8	10	5	8	234
8	8	8	8	8	8	8	8	8	8	8	8	8	7	9	8	8	8	10	10	9	8	7	7	8	9	9	10	7	8	50
8	8	8	9	6	98	10	10	10	7	8	8	8	7	8	9	8	98	9	9	9	7	98	98	9	10	9	9	7	8	374
7	8	98	5	3	98	8	10	10	7	8	98	7	7	8	8	8	98	8	5	10	5	5	5	7	5	7	6	8	8	392
7	9	7	7	7	98	5	7	7	8	8	4	7	5	7	8	7	98	9	9	9	7	5	5	5	8	8	8	7	8	420
7	10	5	10	5	5	10	10	10	10	8	7	5	5	8	8	6	4	9	8	9	5	8	9	9	5	5	5	5	8	10
7	8	8	7	5	5	8	8	8	7	7	7	7	98	8	7	7	98	7	5	8	5	8	8	8	9	8	8	7	8	147
8	7	8	7	5	98	8	7	7	7	8	7	9	8	8	6	7	7	8	7	8	6	7	7	6	4	7	7	6	8	314
7	8	6	9	6	98	9	9	9	7	7	7	7	8	8	8	7	5	9	7	9	5	8	8	98	10	8	8	7	8	267
8	8	5	8	98	98	5	5	5	5	8	8	8	7	8	8	8	8	9	8	9	7	7	7	7	8	8	8	7	8	36
8	8	8	8	98	98	8	8	8	7	8	8	8	98	7	8	8	8	8	8	8	7	8	8	98	10	8	8	5	8	238
7	98	5	5	4	8	7	8	7	8	7	5	6	6	8	7	8	98	7	4	8	6	6	5	5	10	7	5	5	8	377
7	8	7	8	6	98	10	10	10	7	7	7	6	6	5	8	7	3	8	7	9	2	5	7	98	8	8	6	5	8	67
6	8	98	7	5	98	8	8	10	6	6	6	98	7	3	5	8	8	8	5	9	4	7	98	98	8	7	7	6	8	38
6	8	6	6	5	98	7	7	7	6	7	8	8	5	5	6	7	5	8	7	10	5	5	5	5	5	6	6	6	8	391
6	3	4	6	5	98	6	8	8	6	5	8	8	8	5	7	7	5	5	5	6	4	4	5	5	2	5	6	6	8	219
